0.000000000000000000e+00
0.000000000000000000e+00
2.600271251782195137e+01
2.600271251782195137e+01
2.624694952682448701e+01
3.921779283182083731e+01
4.158854286924639609e+01
4.716159889804278293e+01
4.716159889804278293e+01
4.716159889804278293e+01
4.844222506789055416e+01
4.855616992113449726e+01
4.855616992113449726e+01
4.855616992113449726e+01
4.857523296740980356e+01
4.857523296740980356e+01
4.857928064954117531e+01
4.858176391732865795e+01
4.858176428171711336e+01
4.858178844122745943e+01
4.858422281808930165e+01
4.858443166783199274e+01
4.858443166783199274e+01
4.858446402086316596e+01
4.858446402086316596e+01
4.858455130359124041e+01
4.858458976585008315e+01
4.858459645850746256e+01
4.858464817689753090e+01
4.858464817689753090e+01
4.858464817689753090e+01
4.858466726405741554e+01
4.858467323641706059e+01
4.858467648863136645e+01
4.858467990868376774e+01
4.858472764430079849e+01
4.858472764430079849e+01
4.858474580250194208e+01
4.858474580250194208e+01
4.858474580250194208e+01
4.858474580250194208e+01
4.858475522887607667e+01
4.858475522887607667e+01
4.858475522887607667e+01
4.858475647824671739e+01
4.858475647824671739e+01
4.858475647824671739e+01
4.858475647824671739e+01
4.858475647824671739e+01
4.858475647824671739e+01
4.858475647824671739e+01
