2.055678464668672323e+00
4.175406762258953464e+00
4.175406762258953464e+00
4.175406762258953464e+00
3.120792919585575120e+01
4.372674595368976469e+01
4.692786498618002611e+01
4.692786498618002611e+01
4.692786498618002611e+01
4.692786498618002611e+01
4.692786498618002611e+01
4.692786498618002611e+01
4.692786498618002611e+01
4.810371924834568347e+01
4.810371924834568347e+01
4.829251672640610593e+01
4.843494276561800405e+01
4.843494276561800405e+01
4.843494276561800405e+01
4.843494276561800405e+01
4.844704760714926550e+01
4.848099852565563594e+01
4.848099852565563594e+01
4.848099852565563594e+01
4.848099852565563594e+01
4.848099852565563594e+01
4.855738484427925528e+01
4.855738484427925528e+01
4.855738484427925528e+01
4.855738484427925528e+01
4.855738484427925528e+01
4.855738484427925528e+01
4.855738484427925528e+01
4.855738484427925528e+01
4.855738484427925528e+01
4.855738484427925528e+01
4.855738484427925528e+01
4.855738484427925528e+01
4.855738484427925528e+01
4.855738484427925528e+01
4.855738484427925528e+01
4.855738484427925528e+01
4.855738484427925528e+01
4.855738484427925528e+01
4.855756272187923628e+01
4.855756272187923628e+01
4.855756272187923628e+01
4.858364124858118771e+01
4.858364124858118771e+01
4.858364124858118771e+01
4.858364124858118771e+01
