0.000000000000000000e+00
0.000000000000000000e+00
6.701101875188922641e+00
1.449681417218652690e+01
1.449681417218652690e+01
2.739461682812116550e+01
3.606522887476138806e+01
4.208646104418924949e+01
4.425985660151103218e+01
4.814230245814431441e+01
4.814230245814431441e+01
4.814230245814431441e+01
4.814230245814431441e+01
4.814230245814431441e+01
4.814230245814431441e+01
4.818526612947899679e+01
4.818526612947899679e+01
4.818526612947899679e+01
4.852170076471182369e+01
4.852170076471182369e+01
4.852170076471182369e+01
4.852170076471182369e+01
4.852170076471182369e+01
4.852170076471182369e+01
4.855316206039737637e+01
4.855316206039737637e+01
4.855316206039737637e+01
4.855316206039737637e+01
4.855316206039737637e+01
4.855316206039737637e+01
4.855316206039737637e+01
4.855316206039737637e+01
4.855316206039737637e+01
4.855316206039737637e+01
4.855316206039737637e+01
4.855316206039737637e+01
4.855316206039737637e+01
4.855316206039737637e+01
4.855316206039737637e+01
4.855316206039737637e+01
4.855316206039737637e+01
4.857130525334420668e+01
4.857130525334420668e+01
4.857130525334420668e+01
4.857130525334420668e+01
4.857130525334420668e+01
4.857130525334420668e+01
4.857130525334420668e+01
4.857130525334420668e+01
4.857130525334420668e+01
4.857130525334420668e+01
