7.539455679082228690e-01
3.079913666658539384e+00
3.079913666658539384e+00
2.837301099724369990e+01
2.837301099724369990e+01
2.837301099724369990e+01
4.259199733337096205e+01
4.259199733337096205e+01
4.637589854982929438e+01
4.637589854982929438e+01
4.785360650283890038e+01
4.785360650283890038e+01
4.792969479109351738e+01
4.792969479109351738e+01
4.792969479109351738e+01
4.834761352304609971e+01
4.834761352304609971e+01
4.834761352304609971e+01
4.836806576382092970e+01
4.836806576382092970e+01
4.836806576382092970e+01
4.836806576382092970e+01
4.836806576382092970e+01
4.836806576382092970e+01
4.836806576382092970e+01
4.838264440688365653e+01
4.849994027355194248e+01
4.849994027355194248e+01
4.849994027355194248e+01
4.849994027355194248e+01
4.849994027355194248e+01
4.849994027355194248e+01
4.849994027355194248e+01
4.852364622022594176e+01
4.852364622022594176e+01
4.852364622022594176e+01
4.852364622022594176e+01
4.852364622022594176e+01
4.852364622022594176e+01
4.852364622022594176e+01
4.852364622022594176e+01
4.852364622022594176e+01
4.854957844747841023e+01
4.854957844747841023e+01
4.854957844747841023e+01
4.856077442865588267e+01
4.856077442865588267e+01
4.856077442865588267e+01
4.856077442865588267e+01
4.856077442865588267e+01
4.856077442865588267e+01
