0.000000000000000000e+00
0.000000000000000000e+00
2.369795709893772973e+00
2.369795709893772973e+00
3.479438631316343589e+01
4.445267659325376286e+01
4.445267659325376286e+01
4.673610691190621935e+01
4.673610691190621935e+01
4.673610691190621935e+01
4.803223770690816252e+01
4.832708718950551230e+01
4.832708718950551230e+01
4.832708718950551230e+01
4.832708718950551230e+01
4.832708718950551230e+01
4.832708718950551230e+01
4.832708718950551230e+01
4.832708718950551230e+01
4.832708718950551230e+01
4.832708718950551230e+01
4.834285424117107510e+01
4.844726023256116321e+01
4.844726023256116321e+01
4.844726023256116321e+01
4.844726023256116321e+01
4.844726023256116321e+01
4.857053157686692657e+01
4.857053157686692657e+01
4.857053157686692657e+01
4.857053157686692657e+01
4.857053157686692657e+01
4.857053157686692657e+01
4.857053157686692657e+01
4.857053157686692657e+01
4.857053157686692657e+01
4.857053157686692657e+01
4.857053157686692657e+01
4.857053157686692657e+01
4.857226753604831515e+01
4.857226753604831515e+01
4.857226753604831515e+01
4.857226753604831515e+01
4.857226753604831515e+01
4.857226753604831515e+01
4.857226753604831515e+01
4.857226753604831515e+01
4.857226753604831515e+01
4.857226753604831515e+01
4.857226753604831515e+01
4.857226753604831515e+01
