0.000000000000000000e+00
1.149777971833889856e+00
1.149777971833889856e+00
1.165747217963316551e+01
1.165747217963316551e+01
3.578373538723313629e+01
3.578373538723313629e+01
4.338805298978895308e+01
4.844348422160383194e+01
4.844348422160383194e+01
4.844348422160383194e+01
4.844348422160383194e+01
4.844348422160383194e+01
4.844348422160383194e+01
4.847718040598229550e+01
4.852432644942403783e+01
4.855479938343618329e+01
4.857293778320155297e+01
4.857352090841714443e+01
4.857860882646212275e+01
4.858401144817828765e+01
4.858401144817828765e+01
4.858407511172799786e+01
4.858418214851644734e+01
4.858418214851644734e+01
4.858424368980593044e+01
4.858424368980593044e+01
4.858426197112681422e+01
4.858558514921048754e+01
4.858558514921048754e+01
4.858558514921048754e+01
4.858564855015031014e+01
4.858564855015031014e+01
4.858564855015031014e+01
4.858564855015031014e+01
4.858564855015031014e+01
4.858566430273653225e+01
4.858566874139512493e+01
4.858566874139512493e+01
4.858566985106220670e+01
4.858566985106220670e+01
4.858566985106220670e+01
4.858566985106220670e+01
4.858566985106220670e+01
4.858566985106220670e+01
4.858566985106220670e+01
4.858566985106220670e+01
4.858566985106220670e+01
4.858567088436582537e+01
4.858567088436582537e+01
4.858567088436582537e+01
