0.000000000000000000e+00
1.149777971833889856e+00
1.149777971833889856e+00
1.165747217963316551e+01
1.165747217963316551e+01
3.578373538723313629e+01
3.578373538723313629e+01
4.338805298978895308e+01
4.844945216494715368e+01
4.844945216494715368e+01
4.844945216494715368e+01
4.844945216494715368e+01
4.844945216494715368e+01
4.844945216494715368e+01
4.844945216494715368e+01
4.844945216494715368e+01
4.844945216494715368e+01
4.844945216494715368e+01
4.844945216494715368e+01
4.844945216494715368e+01
4.844945216494715368e+01
4.844945216494715368e+01
4.844945216494715368e+01
4.844945216494715368e+01
4.844945216494715368e+01
4.849857550020267638e+01
4.849857550020267638e+01
4.849857550020267638e+01
4.850412529686101237e+01
4.850412529686101237e+01
4.850412529686101237e+01
4.850412529686101237e+01
4.856513421825906107e+01
4.856513421825906107e+01
4.856513421825906107e+01
4.856513421825906107e+01
4.856513421825906107e+01
4.856513421825906107e+01
4.856513421825906107e+01
4.856513421825906107e+01
4.856513421825906107e+01
4.856513421825906107e+01
4.856513421825906107e+01
4.856956758521904760e+01
4.856956758521904760e+01
4.856956758521904760e+01
4.856956758521904760e+01
4.856956758521904760e+01
4.856956758521904760e+01
4.856956758521904760e+01
4.856956758521904760e+01
