0.000000000000000000e+00
0.000000000000000000e+00
2.369795709893772973e+00
2.369795709893772973e+00
3.479438631316343589e+01
4.445267659325376286e+01
4.445267659325376286e+01
4.673610735458389343e+01
4.683553613363233836e+01
4.697769213183671155e+01
4.770688549617344165e+01
4.805786748959335597e+01
4.839928215598713024e+01
4.839928215598713024e+01
4.854269075098368802e+01
4.857171101340281893e+01
4.857171101340281893e+01
4.857171101340281893e+01
4.857214692960543800e+01
4.857858365914076870e+01
4.857968471094326190e+01
4.858214531153584659e+01
4.858308874424270130e+01
4.858322726151276072e+01
4.858368818983925053e+01
4.858368818983925053e+01
4.858368818983925053e+01
4.858390834029192717e+01
4.858390834029192717e+01
4.858391693161578218e+01
4.858391693161578218e+01
4.858391693161578218e+01
4.858391693161578218e+01
4.858391693161578218e+01
4.858515515048174649e+01
4.858553698754306538e+01
4.858553698754306538e+01
4.858553698754306538e+01
4.858553698754306538e+01
4.858553698754306538e+01
4.858553698754306538e+01
4.858554169287531721e+01
4.858554169287531721e+01
4.858554169287531721e+01
4.858554762615770528e+01
4.858554762615770528e+01
4.858554956374430844e+01
4.858554956374430844e+01
4.858554956374430844e+01
4.858554956374430844e+01
4.858554956374430844e+01
