0.000000000000000000e+00
0.000000000000000000e+00
2.600271251782195137e+01
2.600271251782195137e+01
2.624694952682448701e+01
3.921779283182083731e+01
4.159568630515498455e+01
4.715822948181601504e+01
4.715822948181601504e+01
4.808371374229820816e+01
4.808371374229820816e+01
4.808371374229820816e+01
4.808371374229820816e+01
4.808371374229820816e+01
4.808371374229820816e+01
4.808371374229820816e+01
4.844276367546220996e+01
4.844276367546220996e+01
4.844276367546220996e+01
4.844276367546220996e+01
4.844276367546220996e+01
4.844276367546220996e+01
4.844276367546220996e+01
4.844276367546220996e+01
4.844276367546220996e+01
4.844276367546220996e+01
4.857242506771159185e+01
4.857242506771159185e+01
4.857242506771159185e+01
4.857242506771159185e+01
4.857242506771159185e+01
4.857242506771159185e+01
4.857242506771159185e+01
4.857242506771159185e+01
4.857242506771159185e+01
4.857242506771159185e+01
4.857242506771159185e+01
4.857242506771159185e+01
4.857242506771159185e+01
4.857242506771159185e+01
4.857242506771159185e+01
4.857242506771159185e+01
4.857242506771159185e+01
4.857242506771159185e+01
4.857242506771159185e+01
4.857242506771159185e+01
4.857242506771159185e+01
4.857242506771159185e+01
4.857242506771159185e+01
4.857242506771159185e+01
4.857242506771159185e+01
