4.042309656510517435e+00
2.823509512684015377e+01
2.873718383744846250e+01
2.873718383744846250e+01
4.257699137699313496e+01
4.257699137699313496e+01
4.666880380682381713e+01
4.732238460460924045e+01
4.773820799200661469e+01
4.773820799200661469e+01
4.801399993343770944e+01
4.801399993343770944e+01
4.811398369628520300e+01
4.811398369628520300e+01
4.811505979765478713e+01
4.847033286597260116e+01
4.847033286597260116e+01
4.847033286597260116e+01
4.847033286597260116e+01
4.847033286597260116e+01
4.849786265135215757e+01
4.849786265135215757e+01
4.849786265135215757e+01
4.849786265135215757e+01
4.849786265135215757e+01
4.849786265135215757e+01
4.849786265135215757e+01
4.852546617283812225e+01
4.852546617283812225e+01
4.852546617283812225e+01
4.852546617283812225e+01
4.852546617283812225e+01
4.852546617283812225e+01
4.852546617283812225e+01
4.852546617283812225e+01
4.855394872456922428e+01
4.855394872456922428e+01
4.855394872456922428e+01
4.855394872456922428e+01
4.855394872456922428e+01
4.855394872456922428e+01
4.855394872456922428e+01
4.855394872456922428e+01
4.855394872456922428e+01
4.855394872456922428e+01
4.855394872456922428e+01
4.855394872456922428e+01
4.855394872456922428e+01
4.855394872456922428e+01
4.855394872456922428e+01
4.855394872456922428e+01
