4.042309656510517435e+00
2.823509512684015377e+01
2.873718383744846250e+01
2.873718383744846250e+01
4.263039456572685282e+01
4.263039456572685282e+01
4.465170993220033324e+01
4.785005982716383244e+01
4.785005982716383244e+01
4.785005982716383244e+01
4.821007502682095947e+01
4.836228068882596176e+01
4.839814571074499838e+01
4.846180676920191388e+01
4.849098488929779194e+01
4.853023597681244183e+01
4.854341727084963054e+01
4.856627997814911168e+01
4.857145578629842930e+01
4.857310561199906829e+01
4.858113222400768905e+01
4.858270425991852903e+01
4.858372924316260821e+01
4.858379548670102821e+01
4.858383077804328565e+01
4.858384317284824760e+01
4.858384317284824760e+01
4.858407345057862869e+01
4.858424317706574413e+01
4.858424317706574413e+01
4.858424317706574413e+01
4.858424317706574413e+01
4.858458511528660040e+01
4.858552459405373014e+01
4.858552459405373014e+01
4.858552459405373014e+01
4.858552459405373014e+01
4.858552459405373014e+01
4.858552459405373014e+01
4.858552459405373014e+01
4.858561072812227621e+01
4.858561072812227621e+01
4.858561072812227621e+01
4.858561072812227621e+01
4.858561072812227621e+01
4.858561395900753155e+01
4.858561395900753155e+01
4.858562229497550788e+01
4.858562229497550788e+01
4.858563422268697707e+01
4.858563863015156414e+01
