0.000000000000000000e+00
2.369795709893772973e+00
2.369795709893772973e+00
1.800144107203217203e+01
3.640640762857244539e+01
4.320816665024260317e+01
4.320816665024260317e+01
4.684669532720852203e+01
4.684669532720852203e+01
4.691044023639840077e+01
4.691044023639840077e+01
4.826401665921976303e+01
4.826401665921976303e+01
4.826401665921976303e+01
4.826401665921976303e+01
4.826401665921976303e+01
4.826401665921976303e+01
4.831080781947093783e+01
4.831080781947093783e+01
4.850920721043894446e+01
4.850920721043894446e+01
4.850920721043894446e+01
4.850920721043894446e+01
4.850920721043894446e+01
4.850920721043894446e+01
4.850920721043894446e+01
4.850920721043894446e+01
4.850920721043894446e+01
4.850920721043894446e+01
4.850920721043894446e+01
4.850920721043894446e+01
4.850920721043894446e+01
4.850920721043894446e+01
4.858175583604628400e+01
4.858175583604628400e+01
4.858175583604628400e+01
4.858175583604628400e+01
4.858175583604628400e+01
4.858175583604628400e+01
4.858175583604628400e+01
4.858175583604628400e+01
4.858175583604628400e+01
4.858175583604628400e+01
4.858175583604628400e+01
4.858175583604628400e+01
4.858175583604628400e+01
4.858175583604628400e+01
4.858175583604628400e+01
4.858175583604628400e+01
4.858175583604628400e+01
4.858175583604628400e+01
