0.000000000000000000e+00
2.369795709893772973e+00
2.369795709893772973e+00
1.800144107203217203e+01
3.640640762857244539e+01
4.320816665024260317e+01
4.320816665024260317e+01
4.684669338604134481e+01
4.684669338604134481e+01
4.684669338604134481e+01
4.811305549001120596e+01
4.811305549001120596e+01
4.811305549001120596e+01
4.842160545347157097e+01
4.842160545347157097e+01
4.850772104603403534e+01
4.850772104603403534e+01
4.853025666094289647e+01
4.854708902820757999e+01
4.854708902820757999e+01
4.856595103748769304e+01
4.857190727540756114e+01
4.857347879380971278e+01
4.858157537240536783e+01
4.858284825642201099e+01
4.858418095842185380e+01
4.858430545522146815e+01
4.858435396711581689e+01
4.858436796439417549e+01
4.858456631203011966e+01
4.858456631203011966e+01
4.858456631203011966e+01
4.858456631203011966e+01
4.858550210321521945e+01
4.858550210321521945e+01
4.858565319273981942e+01
4.858565319273981942e+01
4.858565319273981942e+01
4.858565319273981942e+01
4.858565319273981942e+01
4.858565319273981942e+01
4.858565319273981942e+01
4.858565620582154310e+01
4.858565733552278232e+01
4.858565733552278232e+01
4.858565733552278232e+01
4.858565733552278232e+01
4.858565733552278232e+01
4.858565733552278232e+01
4.858565733552278232e+01
4.858565733552278232e+01
