2.055678464668672323e+00
4.175406762258953464e+00
4.175406762258953464e+00
4.175406762258953464e+00
3.120792919585575120e+01
4.372674595368976469e+01
4.694040874284263509e+01
4.694040874284263509e+01
4.694040874284263509e+01
4.694040874284263509e+01
4.777851924555329788e+01
4.818470566363605201e+01
4.818470566363605201e+01
4.824655518315216085e+01
4.827618197194364313e+01
4.836259286276244040e+01
4.844432057252190305e+01
4.851714568526323035e+01
4.853616730703545556e+01
4.853616730703545556e+01
4.853616730703545556e+01
4.853616730703545556e+01
4.855325713732895565e+01
4.855325713732895565e+01
4.856989698099707908e+01
4.856989698099707908e+01
4.857456400784329276e+01
4.857456400784329276e+01
4.857456400784329276e+01
4.857456571075449148e+01
4.857860687749811746e+01
4.857860687749811746e+01
4.857860687749811746e+01
4.858245526967836270e+01
4.858271230960675524e+01
4.858315560999910332e+01
4.858348920663211601e+01
4.858348920663211601e+01
4.858508343762292725e+01
4.858508343762292725e+01
4.858508343762292725e+01
4.858508343762292725e+01
4.858508343762292725e+01
4.858550037987390624e+01
4.858550037987390624e+01
4.858550037987390624e+01
4.858550430328230618e+01
4.858550430328230618e+01
4.858550430328230618e+01
4.858550430328230618e+01
4.858562022158518801e+01
