0.000000000000000000e+00
2.213838236521435832e+01
2.213838236521435832e+01
2.213838236521435832e+01
2.213838236521435832e+01
3.953377609702999962e+01
3.953377609702999962e+01
4.291417900005590980e+01
4.824809121825887814e+01
4.824809121825887814e+01
4.824809121825887814e+01
4.824809121825887814e+01
4.841079396955485947e+01
4.856346216630849000e+01
4.856346216630849000e+01
4.857970522512029277e+01
4.857970522512029277e+01
4.858044659546428079e+01
4.858351726846198915e+01
4.858351726846198915e+01
4.858406035767999498e+01
4.858545180367102034e+01
4.858545180367102034e+01
4.858545180367102034e+01
4.858550962328882150e+01
4.858550962328882150e+01
4.858552441663051980e+01
4.858555108026701674e+01
4.858555108026701674e+01
4.858556142887559304e+01
4.858556589030606432e+01
4.858556797692078533e+01
4.858570182916213298e+01
4.858570182916213298e+01
4.858570182916213298e+01
4.858570182916213298e+01
4.858570182916213298e+01
4.858570182916213298e+01
4.858570182916213298e+01
4.858570182916213298e+01
4.858570182916213298e+01
4.858570182916213298e+01
4.858570182916213298e+01
4.858570182916213298e+01
4.858570182916213298e+01
4.858570182916213298e+01
4.858570182916213298e+01
4.858570182916213298e+01
4.858570182916213298e+01
4.858570182916213298e+01
4.858570182916213298e+01
