0.000000000000000000e+00
0.000000000000000000e+00
6.701101875188922641e+00
1.449681417218652690e+01
1.449681417218652690e+01
2.739461682812116550e+01
3.606522887476138806e+01
4.206465192301155298e+01
4.535767520422214716e+01
4.804687208553475841e+01
4.831495021070976037e+01
4.849150374258105245e+01
4.849150374258105245e+01
4.858228846486761654e+01
4.858228846486761654e+01
4.858479304951748645e+01
4.858533816357963531e+01
4.858561919055807010e+01
4.858561919055807010e+01
4.858563160436376904e+01
4.858563736483669260e+01
4.858564003503083484e+01
4.858564136363013830e+01
4.858564136363013830e+01
4.858564136363013830e+01
4.858564375551119952e+01
4.858567929479190184e+01
4.858568017301463016e+01
4.858569511048060008e+01
4.858569511048060008e+01
4.858569535790573468e+01
4.858569535790573468e+01
4.858569568176240239e+01
4.858569568176240239e+01
4.858569568176240239e+01
4.858569568176240239e+01
4.858569568176240239e+01
4.858569568176240239e+01
4.858569568176240239e+01
4.858569709606963727e+01
4.858569709606963727e+01
4.858569709606963727e+01
4.858569709606963727e+01
4.858569709606963727e+01
4.858569709606963727e+01
4.858569709606963727e+01
4.858569709606963727e+01
4.858569709606963727e+01
4.858569709606963727e+01
4.858569709606963727e+01
4.858569709606963727e+01
