7.539455679082228690e-01
3.079913666658539384e+00
3.079913666658539384e+00
2.837301099724369990e+01
2.837301099724369990e+01
2.837301099724369990e+01
4.259199733337096205e+01
4.259199733337096205e+01
4.259199733337096205e+01
4.638408925936364824e+01
4.817788629403132461e+01
4.817788629403132461e+01
4.831327702618555975e+01
4.841257903854666722e+01
4.844703426658075784e+01
4.851364305314102410e+01
4.851364305314102410e+01
4.851364305314102410e+01
4.853160170710393118e+01
4.856531631180904895e+01
4.856693391551564787e+01
4.857442139283925542e+01
4.857625426261466828e+01
4.858285321642867416e+01
4.858285321642867416e+01
4.858285321642867416e+01
4.858285321642867416e+01
4.858285321642867416e+01
4.858295440813890309e+01
4.858295440813890309e+01
4.858296542623482139e+01
4.858296542623482139e+01
4.858296542623482139e+01
4.858296542623482139e+01
4.858296542623482139e+01
4.858504762202581162e+01
4.858504762202581162e+01
4.858551432567271888e+01
4.858551432567271888e+01
4.858551432567271888e+01
4.858551432567271888e+01
4.858551432567271888e+01
4.858551432567271888e+01
4.858551432567271888e+01
4.858551432567271888e+01
4.858551432567271888e+01
4.858551432567271888e+01
4.858551432567271888e+01
4.858551432567271888e+01
4.858551432567271888e+01
4.858551432567271888e+01
