0.000000000000000000e+00
2.213838236521435832e+01
2.213838236521435832e+01
2.213838236521435832e+01
2.213838236521435832e+01
3.953377609702999962e+01
3.953377609702999962e+01
4.291417900005590980e+01
4.824809121825887814e+01
4.824809121825887814e+01
4.824809121825887814e+01
4.824809121825887814e+01
4.824809121825887814e+01
4.824809121825887814e+01
4.824809121825887814e+01
4.824809121825887814e+01
4.824809121825887814e+01
4.824809121825887814e+01
4.851814268487575532e+01
4.851814268487575532e+01
4.851814268487575532e+01
4.851814268487575532e+01
4.851814268487575532e+01
4.851814268487575532e+01
4.851814268487575532e+01
4.851814268487575532e+01
4.851814268487575532e+01
4.851814268487575532e+01
4.855948201422857835e+01
4.855948201422857835e+01
4.855948201422857835e+01
4.855948201422857835e+01
4.855948201422857835e+01
4.855948201422857835e+01
4.855948201422857835e+01
4.855948201422857835e+01
4.855948201422857835e+01
4.855948201422857835e+01
4.855948201422857835e+01
4.855948201422857835e+01
4.855948201422857835e+01
4.855948201422857835e+01
4.855948201422857835e+01
4.855948201422857835e+01
4.855948201422857835e+01
4.855948201422857835e+01
4.855948201422857835e+01
4.855948201422857835e+01
4.855948201422857835e+01
4.855948201422857835e+01
4.855948201422857835e+01
