0.000000000000000000e+00
0.000000000000000000e+00
0.000000000000000000e+00
0.000000000000000000e+00
2.369795709893772973e+00
2.346735858194140079e+01
3.991995462810275797e+01
3.991995462810275797e+01
4.493039142678531306e+01
4.843915999073701073e+01
4.843915999073701073e+01
4.843915999073701073e+01
4.843915999073701073e+01
4.843915999073701073e+01
4.843915999073701073e+01
4.843915999073701073e+01
4.843915999073701073e+01
4.843915999073701073e+01
4.843915999073701073e+01
4.843915999073701073e+01
4.843915999073701073e+01
4.843915999073701073e+01
4.843915999073701073e+01
4.843915999073701073e+01
4.843915999073701073e+01
4.843915999073701073e+01
4.843915999073701073e+01
4.852815803223258229e+01
4.852815803223258229e+01
4.852815803223258229e+01
4.852815803223258229e+01
4.852815803223258229e+01
4.852815803223258229e+01
4.852815803223258229e+01
4.852815803223258229e+01
4.857284894944524467e+01
4.857284894944524467e+01
4.857284894944524467e+01
4.857284894944524467e+01
4.857284894944524467e+01
4.857284894944524467e+01
4.857284894944524467e+01
4.857870623295068668e+01
4.857870623295068668e+01
4.857870623295068668e+01
4.857870623295068668e+01
4.857870623295068668e+01
4.857870623295068668e+01
4.857870623295068668e+01
4.857870623295068668e+01
4.857870623295068668e+01
