0.000000000000000000e+00
0.000000000000000000e+00
0.000000000000000000e+00
0.000000000000000000e+00
2.369795709893772973e+00
2.346735858194140079e+01
3.991995462810275797e+01
3.991995462810275797e+01
4.494361184595111069e+01
4.853739237973837106e+01
4.853739237973837106e+01
4.853739237973837106e+01
4.853739237973837106e+01
4.853739237973837106e+01
4.855110064207110554e+01
4.857172674793774547e+01
4.857172674793774547e+01
4.857574987510429310e+01
4.858084164521865489e+01
4.858084164521865489e+01
4.858230953799872509e+01
4.858414901965246457e+01
4.858483934488538125e+01
4.858490077710548150e+01
4.858490077710548150e+01
4.858499005220297562e+01
4.858501282212294825e+01
4.858504054310022724e+01
4.858504464036953863e+01
4.858504464036953863e+01
4.858504464036953863e+01
4.858564482977180887e+01
4.858564482977180887e+01
4.858564482977180887e+01
4.858564482977180887e+01
4.858564482977180887e+01
4.858564482977180887e+01
4.858564482977180887e+01
4.858564482977180887e+01
4.858564482977180887e+01
4.858564482977180887e+01
4.858564482977180887e+01
4.858564482977180887e+01
4.858564482977180887e+01
4.858564482977180887e+01
4.858564482977180887e+01
4.858564482977180887e+01
4.858564482977180887e+01
4.858564482977180887e+01
4.858564482977180887e+01
4.858564482977180887e+01
