2.055515914604734917e+03
2.055515914604734917e+03
2.055515914604734917e+03
2.068639715451084612e+03
2.068639715451084612e+03
2.084126939765166753e+03
2.084126939765166753e+03
2.084126939765166753e+03
2.084126939765166753e+03
2.084126939765166753e+03
2.084126939765166753e+03
2.084126939765166753e+03
2.084126939765166753e+03
2.084126939765166753e+03
2.084126939765166753e+03
2.084126939765166753e+03
2.436907911944258558e+03
2.436907911944258558e+03
2.436907911944258558e+03
2.450760307388931324e+03
2.450760307388931324e+03
2.450760307388931324e+03
2.450760307388931324e+03
2.450760307388931324e+03
2.450760307388931324e+03
2.450760307388931324e+03
2.450760307388931324e+03
2.450760307388931324e+03
2.450760307388931324e+03
2.450760307388931324e+03
2.450760307388931324e+03
2.450760307388931324e+03
2.458639011977526479e+03
2.458639011977526479e+03
2.458639011977526479e+03
2.458639011977526479e+03
2.458639011977526479e+03
2.458639011977526479e+03
2.458639011977526479e+03
2.458639011977526479e+03
2.468020066772747214e+03
2.468020066772747214e+03
2.468020066772747214e+03
2.468020066772747214e+03
2.468020066772747214e+03
2.468020066772747214e+03
2.468020066772747214e+03
2.468020066772747214e+03
2.468020066772747214e+03
2.468020066772747214e+03
2.468020066772747214e+03
