1.910054550835771359e-01
1.910054550835771359e-01
1.910054550835771359e-01
2.122867888951657234e-01
2.242727936067949734e-01
2.242727936067949734e-01
2.242727936067949734e-01
2.242727936067949734e-01
2.505426856875240804e-01
2.505426856875240804e-01
2.505426856875240804e-01
2.598841847974727726e-01
2.598841847974727726e-01
2.673831476367867221e-01
2.901873913696922935e-01
2.901873913696922935e-01
2.901873913696922935e-01
2.945706158600068791e-01
2.945706158600068791e-01
2.945706158600068791e-01
2.945706158600068791e-01
2.945706158600068791e-01
2.951202995417823716e-01
2.952999078259869736e-01
2.955266043995532499e-01
2.956066613463265158e-01
2.956066613463265158e-01
2.956542469274025531e-01
2.956973930747803236e-01
2.957339641292726085e-01
2.957740906492446475e-01
2.957740906492446475e-01
2.957851422825078513e-01
2.957851422825078513e-01
2.957851422825078513e-01
2.957853605444817902e-01
2.957853605444817902e-01
2.957853605444817902e-01
2.957853605444817902e-01
2.957853605444817902e-01
2.957853605444817902e-01
2.957853605444817902e-01
2.957853605444817902e-01
2.957853605444817902e-01
2.957853605444817902e-01
2.957853605444817902e-01
2.957854164028961286e-01
2.957854381275947242e-01
2.957856404850794929e-01
2.957856404850794929e-01
2.957856404850794929e-01
