2.028952208670523061e-01
2.028952208670523061e-01
2.028952208670523061e-01
2.028952208670523061e-01
2.028952208670523061e-01
2.028952208670523061e-01
2.028952208670523061e-01
2.258099601318709349e-01
2.526539253403431440e-01
2.528838829781559494e-01
2.561696987482895427e-01
2.707894814697854313e-01
2.785528464413286609e-01
2.785528464413286609e-01
2.861247140003213008e-01
2.861247140003213008e-01
2.861247140003213008e-01
2.861247140003213008e-01
2.879900489349607184e-01
2.879900489349607184e-01
2.879900489349607184e-01
2.879900489349607184e-01
2.879900489349607184e-01
2.879900489349607184e-01
2.879900489349607184e-01
2.879900489349607184e-01
2.879900489349607184e-01
2.879900489349607184e-01
2.879900489349607184e-01
2.879900489349607184e-01
2.938538529947988809e-01
2.938538529947988809e-01
2.938538529947988809e-01
2.938538529947988809e-01
2.938538529947988809e-01
2.938538529947988809e-01
2.938538529947988809e-01
2.938538529947988809e-01
2.938538529947988809e-01
2.938538529947988809e-01
2.938538529947988809e-01
2.938538529947988809e-01
2.938538529947988809e-01
2.938538529947988809e-01
2.938538529947988809e-01
2.938538529947988809e-01
2.938538529947988809e-01
2.938538529947988809e-01
2.938538529947988809e-01
2.938538529947988809e-01
2.938538529947988809e-01
