3.338229218421794258e+02
3.338229218421794258e+02
1.869213945105731000e+03
1.869213945105731000e+03
1.869213945105731000e+03
1.869213945105731000e+03
1.869213945105731000e+03
1.869213945105731000e+03
1.869213945105731000e+03
1.869213945105731000e+03
1.869213945105731000e+03
1.869213945105731000e+03
1.974850344486602580e+03
2.297591160024032888e+03
2.297591160024032888e+03
2.297591160024032888e+03
2.297591160024032888e+03
2.297591160024032888e+03
2.297591160024032888e+03
2.319148324390280322e+03
2.319148324390280322e+03
2.319148324390280322e+03
2.340335649317023126e+03
2.340335649317023126e+03
2.340335649317023126e+03
2.340335649317023126e+03
2.340335649317023126e+03
2.340335649317023126e+03
2.340335649317023126e+03
2.340335649317023126e+03
2.340335649317023126e+03
2.340335649317023126e+03
2.340335649317023126e+03
2.340335649317023126e+03
2.340335649317023126e+03
2.340335649317023126e+03
2.340335649317023126e+03
2.340335649317023126e+03
2.340335649317023126e+03
2.381417338063823536e+03
2.381417338063823536e+03
2.381417338063823536e+03
2.389330852897266141e+03
2.389330852897266141e+03
2.389330852897266141e+03
2.389330852897266141e+03
2.389330852897266141e+03
2.389330852897266141e+03
2.389330852897266141e+03
2.389330852897266141e+03
2.389330852897266141e+03
