1.913489804965678998e-01
1.913489804965678998e-01
1.913489804965678998e-01
1.913489804965678998e-01
1.913489804965678998e-01
1.913489804965678998e-01
1.913489804965678998e-01
1.913489804965678998e-01
2.235560475526761348e-01
2.422718632588358179e-01
2.422718632588358179e-01
2.499455204983993539e-01
2.499455204983993539e-01
2.789941203037980544e-01
2.846754692204735981e-01
2.931827011888840651e-01
2.931827011888840651e-01
2.939423752988188920e-01
2.939423752988188920e-01
2.947474863844171677e-01
2.947474863844171677e-01
2.947474863844171677e-01
2.952509306513811382e-01
2.956108914814929434e-01
2.956858357198826615e-01
2.956858357198826615e-01
2.956858357198826615e-01
2.957647931550198561e-01
2.957647931550198561e-01
2.957727714490724913e-01
2.957779812349718984e-01
2.957806879209941009e-01
2.957807645687205444e-01
2.957807645687205444e-01
2.957854004172163487e-01
2.957854324483488173e-01
2.957854324483488173e-01
2.957854324483488173e-01
2.957856874435010885e-01
2.957856874435010885e-01
2.957856877214297686e-01
2.957857380923107349e-01
2.957857380923107349e-01
2.957857380923107349e-01
2.957857380923107349e-01
2.957857380923107349e-01
2.957857380923107349e-01
2.957857380923107349e-01
2.957857380923107349e-01
2.957857380923107349e-01
2.957857380923107349e-01
