1.963745780075323299e-01
1.963745780075323299e-01
1.963745780075323299e-01
1.963745780075323299e-01
1.963745780075323299e-01
1.963745780075323299e-01
1.963745780075323299e-01
2.133489896365515226e-01
2.133489896365515226e-01
2.484730117152517681e-01
2.658007754653536892e-01
2.658007754653536892e-01
2.734527054953791447e-01
2.794644893455905388e-01
2.902227089152792372e-01
2.902227089152792372e-01
2.902227089152792372e-01
2.902227089152792372e-01
2.902227089152792372e-01
2.921258530455413949e-01
2.931152479689826951e-01
2.939848938287251134e-01
2.948782458920933824e-01
2.952204678064828669e-01
2.955818827403848825e-01
2.955818827403848825e-01
2.955818827403848825e-01
2.956220545969354685e-01
2.956220545969354685e-01
2.956260192432526024e-01
2.957758912598611456e-01
2.957758912598611456e-01
2.957770331239449324e-01
2.957791466853918472e-01
2.957855565715797330e-01
2.957855565715797330e-01
2.957855565715797330e-01
2.957857272873958276e-01
2.957858432928629489e-01
2.957858781650019586e-01
2.957859016099166904e-01
2.957859016099166904e-01
2.957859306189072890e-01
2.957859357659374799e-01
2.957859357659374799e-01
2.957859402879456923e-01
2.957859402879456923e-01
2.957859402879456923e-01
2.957860023384184522e-01
2.957860106053358806e-01
2.957860152800259601e-01
