1.769031867583696627e-01
1.977979108590529334e-01
1.977979108590529334e-01
1.977979108590529334e-01
1.977979108590529334e-01
1.977979108590529334e-01
2.313690479105070530e-01
2.681746363946948541e-01
2.681746363946948541e-01
2.681746363946948541e-01
2.722002392426222661e-01
2.722002392426222661e-01
2.722002392426222661e-01
2.722002392426222661e-01
2.744027416452012869e-01
2.802535157120821241e-01
2.825282709819383897e-01
2.825282709819383897e-01
2.843244789769002745e-01
2.843244789769002745e-01
2.943415256039139671e-01
2.943415256039139671e-01
2.955592876476192399e-01
2.955592876476192399e-01
2.955592876476192399e-01
2.955592876476192399e-01
2.956886667609721631e-01
2.956886667609721631e-01
2.956886667609721631e-01
2.957602481036893938e-01
2.957602481036893938e-01
2.957602481036893938e-01
2.957731149875169052e-01
2.957809005305402916e-01
2.957848265194938375e-01
2.957857067462402734e-01
2.957857067462402734e-01
2.957859876560464674e-01
2.957859876560464674e-01
2.957859876560464674e-01
2.957859876560464674e-01
2.957859876560464674e-01
2.957859876560464674e-01
2.957859876560464674e-01
2.957859876560464674e-01
2.957861537936113949e-01
2.957861537936113949e-01
2.957861537936113949e-01
2.957861537936113949e-01
2.957862841662175502e-01
2.957862841662175502e-01
