1.963745780075323299e-01
1.963745780075323299e-01
1.963745780075323299e-01
1.963745780075323299e-01
1.963745780075323299e-01
1.963745780075323299e-01
1.963745780075323299e-01
2.131427465536169241e-01
2.244046444671718987e-01
2.544242863727791404e-01
2.559332757051132612e-01
2.730945964871180909e-01
2.743551322833968076e-01
2.743551322833968076e-01
2.835907743319237007e-01
2.935272574582560301e-01
2.935272574582560301e-01
2.935272574582560301e-01
2.935272574582560301e-01
2.935272574582560301e-01
2.935272574582560301e-01
2.935272574582560301e-01
2.935272574582560301e-01
2.935272574582560301e-01
2.935272574582560301e-01
2.935272574582560301e-01
2.944931648183659600e-01
2.944931648183659600e-01
2.944931648183659600e-01
2.944931648183659600e-01
2.944931648183659600e-01
2.944931648183659600e-01
2.944931648183659600e-01
2.944931648183659600e-01
2.944931648183659600e-01
2.944931648183659600e-01
2.944931648183659600e-01
2.944931648183659600e-01
2.944931648183659600e-01
2.944931648183659600e-01
2.944931648183659600e-01
2.944931648183659600e-01
2.944931648183659600e-01
2.944931648183659600e-01
2.944931648183659600e-01
2.944931648183659600e-01
2.944931648183659600e-01
2.944931648183659600e-01
2.944931648183659600e-01
2.944931648183659600e-01
2.944931648183659600e-01
