1.769031867583696627e-01
1.977298659199407949e-01
1.977298659199407949e-01
1.977298659199407949e-01
1.977298659199407949e-01
1.977298659199407949e-01
2.328396952810450893e-01
2.689212566009142602e-01
2.689212566009142602e-01
2.689212566009142602e-01
2.689212566009142602e-01
2.723508177132205610e-01
2.723508177132205610e-01
2.770041215165352511e-01
2.856045172550825129e-01
2.856045172550825129e-01
2.856045172550825129e-01
2.856045172550825129e-01
2.856045172550825129e-01
2.903605847905542658e-01
2.903605847905542658e-01
2.903605847905542658e-01
2.903605847905542658e-01
2.903605847905542658e-01
2.903605847905542658e-01
2.903605847905542658e-01
2.921115866870045985e-01
2.921115866870045985e-01
2.921115866870045985e-01
2.921115866870045985e-01
2.921115866870045985e-01
2.921115866870045985e-01
2.921115866870045985e-01
2.921115866870045985e-01
2.921115866870045985e-01
2.921115866870045985e-01
2.921115866870045985e-01
2.921115866870045985e-01
2.921115866870045985e-01
2.946821084515355293e-01
2.946821084515355293e-01
2.946821084515355293e-01
2.949548121322199123e-01
2.949548121322199123e-01
2.949548121322199123e-01
2.949548121322199123e-01
2.949548121322199123e-01
2.949548121322199123e-01
2.949548121322199123e-01
2.949548121322199123e-01
2.949548121322199123e-01
