2.310800993901633319e+03
2.310800993901633319e+03
2.310800993901633319e+03
2.310800993901633319e+03
2.310800993901633319e+03
2.310800993901633319e+03
2.310800993901633319e+03
2.310800993901633319e+03
2.310800993901633319e+03
2.310800993901633319e+03
2.310800993901633319e+03
2.310800993901633319e+03
2.318898447959138593e+03
2.318898447959138593e+03
2.318898447959138593e+03
2.318898447959138593e+03
2.318898447959138593e+03
2.322457534637965182e+03
2.322457534637965182e+03
2.386050471155956529e+03
2.396232937640978435e+03
2.396232937640978435e+03
2.424982740004551943e+03
2.424982740004551943e+03
2.424982740004551943e+03
2.430478725156192922e+03
2.430478725156192922e+03
2.433357099996608213e+03
2.433357099996608213e+03
2.433357099996608213e+03
2.433357099996608213e+03
2.433357099996608213e+03
2.433357099996608213e+03
2.433357099996608213e+03
2.433357099996608213e+03
2.482232578566488428e+03
2.487052451387019573e+03
2.487052451387019573e+03
2.487052451387019573e+03
2.487052451387019573e+03
2.487052451387019573e+03
2.487052451387019573e+03
2.487052451387019573e+03
2.487052451387019573e+03
2.487052451387019573e+03
2.487052451387019573e+03
2.487052451387019573e+03
2.487052451387019573e+03
2.487457431773562803e+03
2.487457431773562803e+03
2.487457431773562803e+03
