2.028952208670523061e-01
2.028952208670523061e-01
2.028952208670523061e-01
2.028952208670523061e-01
2.028952208670523061e-01
2.028952208670523061e-01
2.028952208670523061e-01
2.028952208670523061e-01
2.028952208670523061e-01
2.269148015721634826e-01
2.554322126007451677e-01
2.583430574764348231e-01
2.624311557490491831e-01
2.687204098471563940e-01
2.823835483863857410e-01
2.823835483863857410e-01
2.823835483863857410e-01
2.913769278671505258e-01
2.913769278671505258e-01
2.913769278671505258e-01
2.945877291688001609e-01
2.947071948120597584e-01
2.947071948120597584e-01
2.952088141704592439e-01
2.952088141704592439e-01
2.952088141704592439e-01
2.952088141704592439e-01
2.956317683344767411e-01
2.956317683344767411e-01
2.956317683344767411e-01
2.956805727806905426e-01
2.956805727806905426e-01
2.956805727806905426e-01
2.957595337343023045e-01
2.957752968134686467e-01
2.957794746556238197e-01
2.957798910620461630e-01
2.957807731618387614e-01
2.957850426106528596e-01
2.957852509799115959e-01
2.957852509799115959e-01
2.957852509799115959e-01
2.957852509799115959e-01
2.957852509799115959e-01
2.957853992684880140e-01
2.957853992684880140e-01
2.957854630015469555e-01
2.957854630015469555e-01
2.957854630015469555e-01
2.957854630015469555e-01
2.957854630015469555e-01
