1.181862393436506864e+03
1.181862393436506864e+03
1.181862393436506864e+03
1.181862393436506864e+03
1.265668284306230134e+03
1.265668284306230134e+03
1.265668284306230134e+03
1.265668284306230134e+03
1.265668284306230134e+03
1.265668284306230134e+03
1.265668284306230134e+03
1.265668284306230134e+03
1.427088722648102703e+03
1.427088722648102703e+03
1.427088722648102703e+03
1.632724523519166041e+03
1.632724523519166041e+03
1.721680780416428433e+03
1.721680780416428433e+03
2.025515421602756078e+03
2.025515421602756078e+03
2.025515421602756078e+03
2.025515421602756078e+03
2.025515421602756078e+03
2.025515421602756078e+03
2.025515421602756078e+03
2.025515421602756078e+03
2.168145536136761166e+03
2.278093441221611101e+03
2.278093441221611101e+03
2.404033704778810716e+03
2.404033704778810716e+03
2.405416492488970107e+03
2.418996750036313188e+03
2.418996750036313188e+03
2.418996750036313188e+03
2.418996750036313188e+03
2.418996750036313188e+03
2.418996750036313188e+03
2.418996750036313188e+03
2.418996750036313188e+03
2.418996750036313188e+03
2.418996750036313188e+03
2.418996750036313188e+03
2.420137635222675272e+03
2.420137635222675272e+03
2.420137635222675272e+03
2.420137635222675272e+03
2.420137635222675272e+03
2.420137635222675272e+03
2.420137635222675272e+03
