2.055135680134210361e+03
2.055135680134210361e+03
2.055135680134210361e+03
2.055135680134210361e+03
2.055135680134210361e+03
2.055135680134210361e+03
2.055135680134210361e+03
2.055135680134210361e+03
2.055135680134210361e+03
2.055135680134210361e+03
2.094169862434070183e+03
2.094169862434070183e+03
2.096339671032633305e+03
2.096339671032633305e+03
2.099052677553029298e+03
2.099052677553029298e+03
2.099052677553029298e+03
2.099052677553029298e+03
2.099052677553029298e+03
2.099052677553029298e+03
2.099052677553029298e+03
2.099052677553029298e+03
2.099052677553029298e+03
2.099052677553029298e+03
2.099052677553029298e+03
2.099052677553029298e+03
2.099052677553029298e+03
2.099052677553029298e+03
2.103759313918213593e+03
2.141968676648444671e+03
2.141968676648444671e+03
2.141968676648444671e+03
2.141968676648444671e+03
2.141968676648444671e+03
2.156531135378935232e+03
2.156531135378935232e+03
2.156531135378935232e+03
2.303450768972021251e+03
2.303450768972021251e+03
2.303450768972021251e+03
2.303450768972021251e+03
2.303450768972021251e+03
2.303450768972021251e+03
2.303450768972021251e+03
2.303450768972021251e+03
2.303450768972021251e+03
2.303450768972021251e+03
2.303450768972021251e+03
2.339762573727430208e+03
2.346292803917024230e+03
2.346292803917024230e+03
