1.775117897642044529e-01
1.775117897642044529e-01
1.775117897642044529e-01
1.775117897642044529e-01
1.775117897642044529e-01
2.187573253178277943e-01
2.613017434264870431e-01
2.613017434264870431e-01
2.613017434264870431e-01
2.613017434264870431e-01
2.613017434264870431e-01
2.722538487541017460e-01
2.722538487541017460e-01
2.843082317990874852e-01
2.853041943560009619e-01
2.853041943560009619e-01
2.853041943560009619e-01
2.902117337754879789e-01
2.902117337754879789e-01
2.907619010072145516e-01
2.941845507417062411e-01
2.947878931882761400e-01
2.954577180778586998e-01
2.954577180778586998e-01
2.954577180778586998e-01
2.956504621095233931e-01
2.956504621095233931e-01
2.957624141762075221e-01
2.957624141762075221e-01
2.957624141762075221e-01
2.957624141762075221e-01
2.957766751742636480e-01
2.957775631729140930e-01
2.957776450032673643e-01
2.957776688932085563e-01
2.957776688932085563e-01
2.957776843283619339e-01
2.957862568529252556e-01
2.957862622300959643e-01
2.957862693787531860e-01
2.957862757890152294e-01
2.957862757890152294e-01
2.957862757890152294e-01
2.957862790455859092e-01
2.957863323523968191e-01
2.957863381636616773e-01
2.957863388012556549e-01
2.957863427856494143e-01
2.957863427856494143e-01
2.957863427856494143e-01
2.957863427856494143e-01
