1.151222524937112212e+03
2.176760990770415901e+03
2.176760990770415901e+03
2.176760990770415901e+03
2.176760990770415901e+03
2.176760990770415901e+03
2.176760990770415901e+03
2.176760990770415901e+03
2.176760990770415901e+03
2.176760990770415901e+03
2.176760990770415901e+03
2.176760990770415901e+03
2.176760990770415901e+03
2.176760990770415901e+03
2.176760990770415901e+03
2.176760990770415901e+03
2.176760990770415901e+03
2.176760990770415901e+03
2.176760990770415901e+03
2.287872643412230900e+03
2.287872643412230900e+03
2.287872643412230900e+03
2.287872643412230900e+03
2.287872643412230900e+03
2.287872643412230900e+03
2.287872643412230900e+03
2.287872643412230900e+03
2.287872643412230900e+03
2.287872643412230900e+03
2.287872643412230900e+03
2.289294815188371558e+03
2.289294815188371558e+03
2.289294815188371558e+03
2.289294815188371558e+03
2.289294815188371558e+03
2.289294815188371558e+03
2.289294815188371558e+03
2.355121903568611742e+03
2.355121903568611742e+03
2.355121903568611742e+03
2.355121903568611742e+03
2.355121903568611742e+03
2.355121903568611742e+03
2.365028758331811332e+03
2.365028758331811332e+03
2.410857964040572824e+03
2.410857964040572824e+03
2.410857964040572824e+03
2.410857964040572824e+03
2.410857964040572824e+03
2.410857964040572824e+03
