1.814258803815761434e-01
1.814258803815761434e-01
1.814258803815761434e-01
1.814258803815761434e-01
1.814258803815761434e-01
1.814258803815761434e-01
1.814258803815761434e-01
1.814258803815761434e-01
1.954648660842516206e-01
2.309952768503280573e-01
2.632585177800341736e-01
2.657668082411407950e-01
2.732156145267489733e-01
2.732156145267489733e-01
2.818380472615455434e-01
2.818380472615455434e-01
2.820398694550411700e-01
2.830348681089939200e-01
2.830348681089939200e-01
2.839546155477033484e-01
2.839546155477033484e-01
2.839546155477033484e-01
2.839546155477033484e-01
2.839546155477033484e-01
2.926007161050005467e-01
2.926007161050005467e-01
2.926007161050005467e-01
2.926007161050005467e-01
2.926007161050005467e-01
2.926007161050005467e-01
2.927272008880421605e-01
2.927272008880421605e-01
2.927272008880421605e-01
2.927272008880421605e-01
2.927272008880421605e-01
2.927272008880421605e-01
2.927272008880421605e-01
2.927272008880421605e-01
2.927272008880421605e-01
2.927272008880421605e-01
2.927272008880421605e-01
2.927272008880421605e-01
2.927272008880421605e-01
2.927272008880421605e-01
2.927272008880421605e-01
2.927272008880421605e-01
2.927272008880421605e-01
2.927272008880421605e-01
2.927272008880421605e-01
2.927272008880421605e-01
2.927272008880421605e-01
