1.968354508756144927e-01
1.968354508756144927e-01
1.968354508756144927e-01
1.968354508756144927e-01
1.968354508756144927e-01
1.968354508756144927e-01
2.202010547407076690e-01
2.356709876613059806e-01
2.538347522266601874e-01
2.559422878124186784e-01
2.634990242332286847e-01
2.634990242332286847e-01
2.705827175781538863e-01
2.825942439656970451e-01
2.825942439656970451e-01
2.825942439656970451e-01
2.893425484987706686e-01
2.951531082729310085e-01
2.951531082729310085e-01
2.951531082729310085e-01
2.951531082729310085e-01
2.951531082729310085e-01
2.951531082729310085e-01
2.951531082729310085e-01
2.954315955012714601e-01
2.954315955012714601e-01
2.954315955012714601e-01
2.954315955012714601e-01
2.954315955012714601e-01
2.954315955012714601e-01
2.954315955012714601e-01
2.954315955012714601e-01
2.954315955012714601e-01
2.954315955012714601e-01
2.954315955012714601e-01
2.954315955012714601e-01
2.955512346674963320e-01
2.955512346674963320e-01
2.955512346674963320e-01
2.955512346674963320e-01
2.955512346674963320e-01
2.955512346674963320e-01
2.955512346674963320e-01
2.955512346674963320e-01
2.955512346674963320e-01
2.955512346674963320e-01
2.955512346674963320e-01
2.955512346674963320e-01
2.955512346674963320e-01
2.955512346674963320e-01
2.955512346674963320e-01
