1.910054550835771359e-01
1.910054550835771359e-01
1.910054550835771359e-01
2.133242054384559272e-01
2.255745566295714322e-01
2.432967794255788685e-01
2.639656480925573478e-01
2.639656480925573478e-01
2.702579690032876902e-01
2.702579690032876902e-01
2.856963444979327971e-01
2.856963444979327971e-01
2.872799498836403620e-01
2.872799498836403620e-01
2.872799498836403620e-01
2.872799498836403620e-01
2.872799498836403620e-01
2.872799498836403620e-01
2.872799498836403620e-01
2.881549872776060228e-01
2.881549872776060228e-01
2.881549872776060228e-01
2.951152109011120905e-01
2.951152109011120905e-01
2.951152109011120905e-01
2.951152109011120905e-01
2.951152109011120905e-01
2.951152109011120905e-01
2.951152109011120905e-01
2.951152109011120905e-01
2.951152109011120905e-01
2.951152109011120905e-01
2.951152109011120905e-01
2.951152109011120905e-01
2.951152109011120905e-01
2.951152109011120905e-01
2.951152109011120905e-01
2.951152109011120905e-01
2.951152109011120905e-01
2.951152109011120905e-01
2.951152109011120905e-01
2.951152109011120905e-01
2.951152109011120905e-01
2.951152109011120905e-01
2.951152109011120905e-01
2.951152109011120905e-01
2.951152109011120905e-01
2.951152109011120905e-01
2.951152109011120905e-01
2.951152109011120905e-01
2.951152109011120905e-01
