1.523154329778039028e+03
1.523154329778039028e+03
1.523154329778039028e+03
1.523154329778039028e+03
1.523154329778039028e+03
1.523154329778039028e+03
1.523154329778039028e+03
1.523154329778039028e+03
1.523154329778039028e+03
1.523154329778039028e+03
1.523154329778039028e+03
1.523154329778039028e+03
1.523154329778039028e+03
1.523154329778039028e+03
1.523154329778039028e+03
1.523154329778039028e+03
1.523154329778039028e+03
1.523154329778039028e+03
1.523154329778039028e+03
1.523154329778039028e+03
1.543555819236933303e+03
1.543555819236933303e+03
1.543555819236933303e+03
1.543555819236933303e+03
1.551641021263519406e+03
1.883959966058618193e+03
1.883959966058618193e+03
1.883959966058618193e+03
1.883959966058618193e+03
1.883959966058618193e+03
1.883959966058618193e+03
1.883959966058618193e+03
1.883959966058618193e+03
2.363582194893417181e+03
2.363582194893417181e+03
2.363582194893417181e+03
2.363582194893417181e+03
2.363582194893417181e+03
2.363582194893417181e+03
2.363582194893417181e+03
2.363582194893417181e+03
2.363582194893417181e+03
2.363582194893417181e+03
2.379704614280748501e+03
2.379704614280748501e+03
2.379704614280748501e+03
2.379704614280748501e+03
2.379704614280748501e+03
2.379704614280748501e+03
2.379704614280748501e+03
2.379704614280748501e+03
