2.055135680134210361e+03
2.055135680134210361e+03
2.055135680134210361e+03
2.055135680134210361e+03
2.055135680134210361e+03
2.055135680134210361e+03
2.055135680134210361e+03
2.055135680134210361e+03
2.055135680134210361e+03
2.055135680134210361e+03
2.094169862434070183e+03
2.094169862434070183e+03
2.096339671032633305e+03
2.096339671032633305e+03
2.098042017059069167e+03
2.098042017059069167e+03
2.098042017059069167e+03
2.098042017059069167e+03
2.098042017059069167e+03
2.098042017059069167e+03
2.098042017059069167e+03
2.098042017059069167e+03
2.098042017059069167e+03
2.098042017059069167e+03
2.098042017059069167e+03
2.098042017059069167e+03
2.098042017059069167e+03
2.098042017059069167e+03
2.098042017059069167e+03
2.098042017059069167e+03
2.098042017059069167e+03
2.098042017059069167e+03
2.098042017059069167e+03
2.098042017059069167e+03
2.098042017059069167e+03
2.098042017059069167e+03
2.098042017059069167e+03
2.098042017059069167e+03
2.113117995123287983e+03
2.212413539615413356e+03
2.212413539615413356e+03
2.212413539615413356e+03
2.212413539615413356e+03
2.298890958426645284e+03
2.298890958426645284e+03
2.298890958426645284e+03
2.298890958426645284e+03
2.298890958426645284e+03
2.298890958426645284e+03
2.298890958426645284e+03
2.301740551674164635e+03
