1.802558861177052663e-01
1.802558861177052663e-01
1.802558861177052663e-01
1.802558861177052663e-01
1.802558861177052663e-01
1.802558861177052663e-01
1.802558861177052663e-01
1.802558861177052663e-01
1.802558861177052663e-01
1.802558861177052663e-01
2.072658856237082348e-01
2.564808593112984370e-01
2.625624972005834445e-01
2.830872310801187397e-01
2.933975173462569641e-01
2.933975173462569641e-01
2.933975173462569641e-01
2.933975173462569641e-01
2.935977634196186292e-01
2.935977634196186292e-01
2.943214318451959910e-01
2.948789925049287719e-01
2.949613077530403582e-01
2.951537336921606358e-01
2.953489251323732079e-01
2.956001711247636110e-01
2.956364732625934577e-01
2.956364732625934577e-01
2.956653011238978834e-01
2.957247742996857442e-01
2.957817187110616253e-01
2.957856689206990186e-01
2.957856952935582484e-01
2.957856952935582484e-01
2.957856952935582484e-01
2.957859036217207471e-01
2.957859036217207471e-01
2.957861189364204280e-01
2.957861652806132446e-01
2.957861652806132446e-01
2.957862497480123753e-01
2.957862497480123753e-01
2.957862660804567723e-01
2.957862660804567723e-01
2.957863145950653250e-01
2.957863145950653250e-01
2.957863145950653250e-01
2.957863415062008117e-01
2.957863415062008117e-01
2.957863415062008117e-01
2.957863415062008117e-01
