2.159785449987713934e-01
2.159785449987713934e-01
2.159785449987713934e-01
2.159785449987713934e-01
2.159785449987713934e-01
2.159785449987713934e-01
2.239123203138351503e-01
2.367763226872279247e-01
2.367763226872279247e-01
2.367763226872279247e-01
2.602615110551715905e-01
2.769538133269811020e-01
2.769538133269811020e-01
2.842058523391992608e-01
2.842058523391992608e-01
2.842058523391992608e-01
2.944660159196521576e-01
2.944660159196521576e-01
2.944660159196521576e-01
2.953743525079033372e-01
2.953743525079033372e-01
2.953743525079033372e-01
2.953743525079033372e-01
2.957499717569270770e-01
2.957499717569270770e-01
2.957499717569270770e-01
2.957499717569270770e-01
2.957499717569270770e-01
2.957670080908884058e-01
2.957670080908884058e-01
2.957670080908884058e-01
2.957831631113276849e-01
2.957831631113276849e-01
2.957833758452770301e-01
2.957840913615141787e-01
2.957843895517536237e-01
2.957844659635874285e-01
2.957845339657949046e-01
2.957845339657949046e-01
2.957845990836256433e-01
2.957845990836256433e-01
2.957846162489294328e-01
2.957846162489294328e-01
2.957846684276002058e-01
2.957846684276002058e-01
2.957846684276002058e-01
2.957846684276002058e-01
2.957846684276002058e-01
2.957847227043886029e-01
2.957847227043886029e-01
2.957847227043886029e-01
