2.221017170803147110e+03
2.221017170803147110e+03
2.221017170803147110e+03
2.221017170803147110e+03
2.221017170803147110e+03
2.221017170803147110e+03
2.221017170803147110e+03
2.221017170803147110e+03
2.221017170803147110e+03
2.221017170803147110e+03
2.221017170803147110e+03
2.221017170803147110e+03
2.221017170803147110e+03
2.303754525769726570e+03
2.365252524343925415e+03
2.365252524343925415e+03
2.365252524343925415e+03
2.370480866264763335e+03
2.370480866264763335e+03
2.373362300918356596e+03
2.414015169039089415e+03
2.414015169039089415e+03
2.414015169039089415e+03
2.414015169039089415e+03
2.414015169039089415e+03
2.414015169039089415e+03
2.414015169039089415e+03
2.414015169039089415e+03
2.414015169039089415e+03
2.414015169039089415e+03
2.414015169039089415e+03
2.414015169039089415e+03
2.414015169039089415e+03
2.414015169039089415e+03
2.414015169039089415e+03
2.414015169039089415e+03
2.414015169039089415e+03
2.414015169039089415e+03
2.414015169039089415e+03
2.414015169039089415e+03
2.414015169039089415e+03
2.414015169039089415e+03
2.414015169039089415e+03
2.414015169039089415e+03
2.414306971904685270e+03
2.414306971904685270e+03
2.414306971904685270e+03
2.414306971904685270e+03
2.414306971904685270e+03
2.414306971904685270e+03
2.414306971904685270e+03
