1.913489804965678998e-01
1.913489804965678998e-01
1.913489804965678998e-01
1.913489804965678998e-01
1.913489804965678998e-01
1.913489804965678998e-01
1.913489804965678998e-01
1.913489804965678998e-01
2.299251277399885773e-01
2.506461699925192632e-01
2.630198424582061989e-01
2.669643126967450319e-01
2.689055919719854915e-01
2.699853016821825435e-01
2.699853016821825435e-01
2.794674529914873418e-01
2.794674529914873418e-01
2.876770941536963555e-01
2.876770941536963555e-01
2.876770941536963555e-01
2.881163881988331177e-01
2.881163881988331177e-01
2.881163881988331177e-01
2.881163881988331177e-01
2.881163881988331177e-01
2.881163881988331177e-01
2.881163881988331177e-01
2.881163881988331177e-01
2.881163881988331177e-01
2.881163881988331177e-01
2.889579522769833431e-01
2.889579522769833431e-01
2.889579522769833431e-01
2.889579522769833431e-01
2.889579522769833431e-01
2.889579522769833431e-01
2.889579522769833431e-01
2.889579522769833431e-01
2.889579522769833431e-01
2.889579522769833431e-01
2.889579522769833431e-01
2.936571958471971278e-01
2.936571958471971278e-01
2.936571958471971278e-01
2.936571958471971278e-01
2.953836228559653665e-01
2.953836228559653665e-01
2.953836228559653665e-01
2.953836228559653665e-01
2.953836228559653665e-01
2.953836228559653665e-01
