1.832591599949722877e+03
1.832591599949722877e+03
1.832591599949722877e+03
1.832591599949722877e+03
1.832591599949722877e+03
1.832591599949722877e+03
1.896370863346716988e+03
1.896370863346716988e+03
1.896370863346716988e+03
1.896370863346716988e+03
1.896370863346716988e+03
1.896370863346716988e+03
1.896370863346716988e+03
1.896370863346716988e+03
1.896370863346716988e+03
1.896370863346716988e+03
1.896370863346716988e+03
1.896370863346716988e+03
1.896370863346716988e+03
1.939148412898369315e+03
1.939148412898369315e+03
1.939148412898369315e+03
1.939148412898369315e+03
1.939148412898369315e+03
1.939148412898369315e+03
1.939148412898369315e+03
1.939148412898369315e+03
2.125577968388146473e+03
2.125577968388146473e+03
2.125577968388146473e+03
2.125577968388146473e+03
2.125577968388146473e+03
2.125577968388146473e+03
2.125577968388146473e+03
2.125577968388146473e+03
2.125577968388146473e+03
2.125577968388146473e+03
2.125577968388146473e+03
2.125577968388146473e+03
2.125577968388146473e+03
2.125577968388146473e+03
2.125577968388146473e+03
2.125577968388146473e+03
2.125577968388146473e+03
2.125577968388146473e+03
2.125577968388146473e+03
2.125577968388146473e+03
2.125577968388146473e+03
2.125577968388146473e+03
2.125577968388146473e+03
2.333908353032144532e+03
