1.814258803815761434e-01
1.814258803815761434e-01
1.814258803815761434e-01
1.814258803815761434e-01
1.814258803815761434e-01
1.814258803815761434e-01
1.814258803815761434e-01
1.814258803815761434e-01
1.943609047277933266e-01
2.267181895040548123e-01
2.651168137716706785e-01
2.783383973624272145e-01
2.843065176849463582e-01
2.921860181527015099e-01
2.921860181527015099e-01
2.921860181527015099e-01
2.921860181527015099e-01
2.921860181527015099e-01
2.939089770236287258e-01
2.945250901085523787e-01
2.947340233729194847e-01
2.953028945595573274e-01
2.956070087234045074e-01
2.956070087234045074e-01
2.956070087234045074e-01
2.956070087234045074e-01
2.957584153739405974e-01
2.957584153739405974e-01
2.957730085302920919e-01
2.957730085302920919e-01
2.957789299920843828e-01
2.957822741999832084e-01
2.957827828303770112e-01
2.957828949226081749e-01
2.957828949226081749e-01
2.957828949226081749e-01
2.957832362545662619e-01
2.957834787281559130e-01
2.957834787281559130e-01
2.957847917619791378e-01
2.957848973698085082e-01
2.957849300152329830e-01
2.957853156769146841e-01
2.957853156769146841e-01
2.957853156769146841e-01
2.957853156769146841e-01
2.957853156769146841e-01
2.957860810957310127e-01
2.957860810957310127e-01
2.957860816137431459e-01
2.957860816137431459e-01
