1.968354508756144927e-01
1.968354508756144927e-01
1.968354508756144927e-01
1.968354508756144927e-01
1.968354508756144927e-01
1.968354508756144927e-01
2.225391357090668876e-01
2.225391357090668876e-01
2.464887399179722105e-01
2.552929335670046651e-01
2.552929335670046651e-01
2.580859795637863163e-01
2.659439973172327276e-01
2.807582862059040396e-01
2.807582862059040396e-01
2.807582862059040396e-01
2.833363424252237639e-01
2.833363424252237639e-01
2.840692193040132985e-01
2.943931988694779012e-01
2.943931988694779012e-01
2.949552444850804811e-01
2.949552444850804811e-01
2.949552444850804811e-01
2.953275402899749880e-01
2.953275402899749880e-01
2.954487374403929056e-01
2.956356955104271211e-01
2.956729806653977666e-01
2.956729806653977666e-01
2.956937161147120685e-01
2.956937161147120685e-01
2.956993200024901070e-01
2.957810625769252688e-01
2.957810625769252688e-01
2.957817462489246152e-01
2.957817462489246152e-01
2.957821535747573449e-01
2.957823600825266186e-01
2.957846782768169258e-01
2.957847291472113227e-01
2.957847291472113227e-01
2.957847558102016938e-01
2.957847558102016938e-01
2.957847742242412648e-01
2.957850990860476093e-01
2.957850990860476093e-01
2.957851579611648907e-01
2.957851579611648907e-01
2.957851966817764411e-01
2.957851966817764411e-01
