1.832591599949722877e+03
1.832591599949722877e+03
1.832591599949722877e+03
1.832591599949722877e+03
1.832591599949722877e+03
1.832591599949722877e+03
1.896370863346716988e+03
1.896370863346716988e+03
1.896370863346716988e+03
1.896370863346716988e+03
1.896370863346716988e+03
1.896370863346716988e+03
1.896370863346716988e+03
2.208191476101604167e+03
2.208191476101604167e+03
2.208191476101604167e+03
2.208191476101604167e+03
2.208191476101604167e+03
2.208191476101604167e+03
2.208191476101604167e+03
2.208191476101604167e+03
2.208191476101604167e+03
2.208191476101604167e+03
2.208191476101604167e+03
2.208191476101604167e+03
2.208191476101604167e+03
2.208191476101604167e+03
2.208191476101604167e+03
2.208191476101604167e+03
2.208191476101604167e+03
2.208191476101604167e+03
2.208191476101604167e+03
2.208191476101604167e+03
2.208191476101604167e+03
2.224413572249399749e+03
2.224413572249399749e+03
2.224413572249399749e+03
2.224413572249399749e+03
2.224413572249399749e+03
2.224413572249399749e+03
2.224413572249399749e+03
2.224413572249399749e+03
2.224413572249399749e+03
2.224413572249399749e+03
2.224413572249399749e+03
2.224413572249399749e+03
2.224413572249399749e+03
2.224413572249399749e+03
2.427119211822829129e+03
2.427119211822829129e+03
2.427119211822829129e+03
