2.221017170803147110e+03
2.221017170803147110e+03
2.221017170803147110e+03
2.221017170803147110e+03
2.221017170803147110e+03
2.221017170803147110e+03
2.221017170803147110e+03
2.221017170803147110e+03
2.221017170803147110e+03
2.221017170803147110e+03
2.221017170803147110e+03
2.221017170803147110e+03
2.221017170803147110e+03
2.303754525769726570e+03
2.365252524343925415e+03
2.365252524343925415e+03
2.365252524343925415e+03
2.370480866264763335e+03
2.370480866264763335e+03
2.373362300918356596e+03
2.414045497518019147e+03
2.414045497518019147e+03
2.414045497518019147e+03
2.414045497518019147e+03
2.414045497518019147e+03
2.414045497518019147e+03
2.414045497518019147e+03
2.414045497518019147e+03
2.414045497518019147e+03
2.414045497518019147e+03
2.414200068052255119e+03
2.414200068052255119e+03
2.414200068052255119e+03
2.414200068052255119e+03
2.414200068052255119e+03
2.414200068052255119e+03
2.414200068052255119e+03
2.414200068052255119e+03
2.483715591830961330e+03
2.483715591830961330e+03
2.483715591830961330e+03
2.486412048644554943e+03
2.486412048644554943e+03
2.486412048644554943e+03
2.486412048644554943e+03
2.487485192996990463e+03
2.487485192996990463e+03
2.487485192996990463e+03
2.487485192996990463e+03
2.487485192996990463e+03
2.487485192996990463e+03
