2.310800993901633319e+03
2.310800993901633319e+03
2.310800993901633319e+03
2.310800993901633319e+03
2.310800993901633319e+03
2.310800993901633319e+03
2.310800993901633319e+03
2.310800993901633319e+03
2.310800993901633319e+03
2.310800993901633319e+03
2.310800993901633319e+03
2.310800993901633319e+03
2.318898447959138593e+03
2.318898447959138593e+03
2.318898447959138593e+03
2.318898447959138593e+03
2.318898447959138593e+03
2.322457534637965182e+03
2.322457534637965182e+03
2.386050305275357005e+03
2.396101925645222764e+03
2.396101925645222764e+03
2.424922201823799242e+03
2.424922201823799242e+03
2.424922201823799242e+03
2.424922201823799242e+03
2.434461988678988291e+03
2.434461988678988291e+03
2.434461988678988291e+03
2.434461988678988291e+03
2.436404945177768695e+03
2.436404945177768695e+03
2.436404945177768695e+03
2.436404945177768695e+03
2.436404945177768695e+03
2.436852990016494005e+03
2.436852990016494005e+03
2.436852990016494005e+03
2.436852990016494005e+03
2.436852990016494005e+03
2.436852990016494005e+03
2.436852990016494005e+03
2.436852990016494005e+03
2.436852990016494005e+03
2.436852990016494005e+03
2.436852990016494005e+03
2.436852990016494005e+03
2.436852990016494005e+03
2.436852990016494005e+03
2.436852990016494005e+03
2.436852990016494005e+03
