1.181862393436506864e+03
1.181862393436506864e+03
1.181862393436506864e+03
1.181862393436506864e+03
1.265668284306230134e+03
1.265668284306230134e+03
1.265668284306230134e+03
1.265668284306230134e+03
1.265668284306230134e+03
1.265668284306230134e+03
1.265668284306230134e+03
1.265668284306230134e+03
1.427088722648102703e+03
1.427088722648102703e+03
1.427088722648102703e+03
1.632724523519166041e+03
1.632724523519166041e+03
1.721680780416428433e+03
1.721680780416428433e+03
2.020402081272321766e+03
2.020402081272321766e+03
2.020402081272321766e+03
2.070505560473458900e+03
2.070505560473458900e+03
2.070505560473458900e+03
2.070505560473458900e+03
2.070505560473458900e+03
2.070505560473458900e+03
2.070505560473458900e+03
2.070505560473458900e+03
2.070505560473458900e+03
2.076787488093677894e+03
2.076787488093677894e+03
2.076787488093677894e+03
2.076787488093677894e+03
2.076787488093677894e+03
2.207926905327756685e+03
2.207926905327756685e+03
2.207926905327756685e+03
2.222346520008895823e+03
2.222346520008895823e+03
2.222346520008895823e+03
2.222346520008895823e+03
2.370589350197762542e+03
2.370589350197762542e+03
2.370589350197762542e+03
2.370589350197762542e+03
2.370589350197762542e+03
2.370589350197762542e+03
2.370589350197762542e+03
2.370589350197762542e+03
