2.055515914604734917e+03
2.055515914604734917e+03
2.055515914604734917e+03
2.068639715451084612e+03
2.068639715451084612e+03
2.084126939765166753e+03
2.084126939765166753e+03
2.084126939765166753e+03
2.084126939765166753e+03
2.084126939765166753e+03
2.084126939765166753e+03
2.084126939765166753e+03
2.084126939765166753e+03
2.341510412439347874e+03
2.341510412439347874e+03
2.378858405010031220e+03
2.433680341499094993e+03
2.447061345522909960e+03
2.447061345522909960e+03
2.457203786949942696e+03
2.457203786949942696e+03
2.457203786949942696e+03
2.486470290722140362e+03
2.486470290722140362e+03
2.486571518370443755e+03
2.486571518370443755e+03
2.486571518370443755e+03
2.486571518370443755e+03
2.486571518370443755e+03
2.486571518370443755e+03
2.486571518370443755e+03
2.486571518370443755e+03
2.486571518370443755e+03
2.486571518370443755e+03
2.486571518370443755e+03
2.486571518370443755e+03
2.486571518370443755e+03
2.486571518370443755e+03
2.486571518370443755e+03
2.486571518370443755e+03
2.486571518370443755e+03
2.486571518370443755e+03
2.486571518370443755e+03
2.486571518370443755e+03
2.486571518370443755e+03
2.486571518370443755e+03
2.486571518370443755e+03
2.486571518370443755e+03
2.486571518370443755e+03
2.486571518370443755e+03
2.486571518370443755e+03
