2.159785449987713934e-01
2.159785449987713934e-01
2.159785449987713934e-01
2.159785449987713934e-01
2.159785449987713934e-01
2.449951198795221885e-01
2.449951198795221885e-01
2.449951198795221885e-01
2.449951198795221885e-01
2.449951198795221885e-01
2.648339580509209146e-01
2.648339580509209146e-01
2.750776384435541511e-01
2.846433106319280482e-01
2.846433106319280482e-01
2.846433106319280482e-01
2.869513441583294022e-01
2.869513441583294022e-01
2.869513441583294022e-01
2.869513441583294022e-01
2.887774672774838791e-01
2.887774672774838791e-01
2.887774672774838791e-01
2.887774672774838791e-01
2.887774672774838791e-01
2.887774672774838791e-01
2.887774672774838791e-01
2.887774672774838791e-01
2.887774672774838791e-01
2.887774672774838791e-01
2.887774672774838791e-01
2.887774672774838791e-01
2.887774672774838791e-01
2.887774672774838791e-01
2.887774672774838791e-01
2.887774672774838791e-01
2.887774672774838791e-01
2.887774672774838791e-01
2.887774672774838791e-01
2.887774672774838791e-01
2.887774672774838791e-01
2.887774672774838791e-01
2.939739484727434404e-01
2.939739484727434404e-01
2.939739484727434404e-01
2.939739484727434404e-01
2.939739484727434404e-01
2.939739484727434404e-01
2.939739484727434404e-01
2.939739484727434404e-01
2.939739484727434404e-01
