1.809390690118773364e+03
1.809390690118773364e+03
1.809390690118773364e+03
1.809390690118773364e+03
1.981633212587638354e+03
1.981633212587638354e+03
2.089705820374220821e+03
2.089705820374220821e+03
2.089705820374220821e+03
2.089705820374220821e+03
2.089705820374220821e+03
2.089705820374220821e+03
2.107770595492219400e+03
2.107770595492219400e+03
2.107770595492219400e+03
2.107770595492219400e+03
2.107770595492219400e+03
2.107770595492219400e+03
2.107770595492219400e+03
2.147568998941430436e+03
2.147568998941430436e+03
2.310100056370974926e+03
2.310100056370974926e+03
2.310100056370974926e+03
2.310100056370974926e+03
2.345189560589488337e+03
2.345189560589488337e+03
2.345189560589488337e+03
2.345189560589488337e+03
2.345189560589488337e+03
2.345189560589488337e+03
2.359371220898942283e+03
2.359371220898942283e+03
2.359371220898942283e+03
2.359371220898942283e+03
2.408021719422297338e+03
2.408021719422297338e+03
2.408021719422297338e+03
2.408021719422297338e+03
2.434083415757745570e+03
2.434083415757745570e+03
2.434083415757745570e+03
2.434083415757745570e+03
2.434083415757745570e+03
2.434083415757745570e+03
2.434083415757745570e+03
2.462660636062870708e+03
2.462660636062870708e+03
2.462660636062870708e+03
2.462660636062870708e+03
2.462660636062870708e+03
