1.809390690118773364e+03
1.809390690118773364e+03
1.809390690118773364e+03
1.809390690118773364e+03
1.809390690118773364e+03
1.809390690118773364e+03
1.966624045022010932e+03
1.966624045022010932e+03
1.966624045022010932e+03
1.966624045022010932e+03
1.966624045022010932e+03
1.966624045022010932e+03
1.966624045022010932e+03
1.966624045022010932e+03
1.999456424619590507e+03
1.999456424619590507e+03
2.404746875356119745e+03
2.404746875356119745e+03
2.404746875356119745e+03
2.404746875356119745e+03
2.404746875356119745e+03
2.404746875356119745e+03
2.404746875356119745e+03
2.421795573030600735e+03
2.421795573030600735e+03
2.421795573030600735e+03
2.421795573030600735e+03
2.421795573030600735e+03
2.421795573030600735e+03
2.421795573030600735e+03
2.421795573030600735e+03
2.421795573030600735e+03
2.421795573030600735e+03
2.421795573030600735e+03
2.421795573030600735e+03
2.421795573030600735e+03
2.421795573030600735e+03
2.421795573030600735e+03
2.481324347732268052e+03
2.481324347732268052e+03
2.481324347732268052e+03
2.481324347732268052e+03
2.481324347732268052e+03
2.481324347732268052e+03
2.481324347732268052e+03
2.481324347732268052e+03
2.481324347732268052e+03
2.481324347732268052e+03
2.481324347732268052e+03
2.481324347732268052e+03
2.484977738742838937e+03
