1.802558861177052663e-01
1.802558861177052663e-01
1.802558861177052663e-01
1.802558861177052663e-01
1.802558861177052663e-01
1.802558861177052663e-01
1.802558861177052663e-01
1.802558861177052663e-01
1.802558861177052663e-01
1.802558861177052663e-01
2.074014328053985501e-01
2.548993608734806404e-01
2.654427547942060372e-01
2.796897907084469059e-01
2.796897907084469059e-01
2.853251922173380972e-01
2.853251922173380972e-01
2.933575154178942324e-01
2.933575154178942324e-01
2.933575154178942324e-01
2.933575154178942324e-01
2.933575154178942324e-01
2.933575154178942324e-01
2.939417650914150637e-01
2.939417650914150637e-01
2.939417650914150637e-01
2.939417650914150637e-01
2.939417650914150637e-01
2.939417650914150637e-01
2.939417650914150637e-01
2.939417650914150637e-01
2.939417650914150637e-01
2.939417650914150637e-01
2.945602406453977640e-01
2.945602406453977640e-01
2.945602406453977640e-01
2.945602406453977640e-01
2.945602406453977640e-01
2.945602406453977640e-01
2.945602406453977640e-01
2.945602406453977640e-01
2.945602406453977640e-01
2.945602406453977640e-01
2.945602406453977640e-01
2.945602406453977640e-01
2.945602406453977640e-01
2.945602406453977640e-01
2.945602406453977640e-01
2.956362943794781928e-01
2.956362943794781928e-01
2.956362943794781928e-01
