1.775117897642044529e-01
1.775117897642044529e-01
1.775117897642044529e-01
1.775117897642044529e-01
1.775117897642044529e-01
2.138938114896049569e-01
2.570003427339476731e-01
2.570003427339476731e-01
2.570003427339476731e-01
2.570003427339476731e-01
2.682912090975834163e-01
2.682912090975834163e-01
2.700718005683510059e-01
2.782804159944171074e-01
2.782804159944171074e-01
2.782804159944171074e-01
2.782804159944171074e-01
2.782804159944171074e-01
2.822749731124833961e-01
2.892858825467353734e-01
2.892858825467353734e-01
2.892858825467353734e-01
2.892858825467353734e-01
2.892858825467353734e-01
2.892858825467353734e-01
2.892858825467353734e-01
2.892858825467353734e-01
2.892858825467353734e-01
2.893315339306132827e-01
2.893315339306132827e-01
2.893841916986774621e-01
2.893841916986774621e-01
2.893841916986774621e-01
2.893841916986774621e-01
2.893841916986774621e-01
2.893841916986774621e-01
2.893841916986774621e-01
2.893841916986774621e-01
2.893841916986774621e-01
2.893841916986774621e-01
2.893841916986774621e-01
2.893841916986774621e-01
2.893841916986774621e-01
2.893841916986774621e-01
2.893841916986774621e-01
2.898267696227233570e-01
2.898267696227233570e-01
2.898267696227233570e-01
2.898267696227233570e-01
2.898267696227233570e-01
2.898267696227233570e-01
