2.706478314533733709e+01
2.947491785232146100e+01
2.953486818587717977e+01
3.112672871673697728e+01
3.273623515995824107e+01
3.273623515995824107e+01
3.273623515995824107e+01
3.273623515995824107e+01
3.273623515995824107e+01
3.273623515995824107e+01
3.311915347571313362e+01
3.354889911001127700e+01
3.354889911001127700e+01
3.354889911001127700e+01
3.354889911001127700e+01
3.354889911001127700e+01
3.354889911001127700e+01
3.354889911001127700e+01
3.354889911001127700e+01
3.354889911001127700e+01
3.354889911001127700e+01
3.354889911001127700e+01
3.354889911001127700e+01
3.354889911001127700e+01
3.354889911001127700e+01
3.354889911001127700e+01
3.358800275417910086e+01
3.358800275417910086e+01
3.377424162389824858e+01
3.377424162389824858e+01
3.377424162389824858e+01
3.377424162389824858e+01
3.377424162389824858e+01
3.377424162389824858e+01
3.377424162389824858e+01
3.377424162389824858e+01
3.377424162389824858e+01
3.377424162389824858e+01
3.377424162389824858e+01
3.377424162389824858e+01
3.377747887678250294e+01
3.379297495474850876e+01
3.379297495474850876e+01
3.379297495474850876e+01
3.379297495474850876e+01
3.379297495474850876e+01
3.379297495474850876e+01
3.386144152219188186e+01
3.386144152219188186e+01
3.386144152219188186e+01
3.387155450119936972e+01
