2.478756378977418606e+01
2.664815788145219955e+01
2.860842163601975585e+01
2.944689958262268448e+01
3.016891876224096336e+01
3.016891876224096336e+01
3.215637425465549626e+01
3.215637425465549626e+01
3.215637425465549626e+01
3.215637425465549626e+01
3.215637425465549626e+01
3.215637425465549626e+01
3.215637425465549626e+01
3.215637425465549626e+01
3.215637425465549626e+01
3.251878238737251081e+01
3.265104554337516873e+01
3.305749005135152885e+01
3.305749005135152885e+01
3.317005157245122149e+01
3.317005157245122149e+01
3.317005157245122149e+01
3.324157704184378304e+01
3.324157704184378304e+01
3.345028352183314269e+01
3.356749550492466483e+01
3.356749550492466483e+01
3.359527185426695439e+01
3.359527185426695439e+01
3.360498281478599125e+01
3.360498281478599125e+01
3.360498281478599125e+01
3.360498281478599125e+01
3.360498281478599125e+01
3.360498281478599125e+01
3.360498281478599125e+01
3.360498281478599125e+01
3.360498281478599125e+01
3.360498281478599125e+01
3.367246579728094957e+01
3.367246579728094957e+01
3.367246579728094957e+01
3.379765366481904465e+01
3.379765366481904465e+01
3.379765366481904465e+01
3.383567715377734686e+01
3.383567715377734686e+01
3.386182360106814571e+01
3.386182360106814571e+01
3.386182360106814571e+01
3.386182360106814571e+01
