2.478756378977418606e+01
2.674367158516399101e+01
2.874599212483716570e+01
2.952777444719403022e+01
3.049869733388759840e+01
3.239872088035462383e+01
3.239872088035462383e+01
3.262742514899080959e+01
3.262742514899080959e+01
3.262742514899080959e+01
3.298774522462032621e+01
3.298774522462032621e+01
3.310656443316923259e+01
3.311365113876092892e+01
3.338864913814541069e+01
3.338864913814541069e+01
3.338864913814541069e+01
3.347388128413805930e+01
3.347388128413805930e+01
3.362048499028311710e+01
3.362048499028311710e+01
3.377679974265395657e+01
3.377679974265395657e+01
3.382800016205092675e+01
3.385988569925289937e+01
3.385988569925289937e+01
3.385988569925289937e+01
3.385988569925289937e+01
3.385988569925289937e+01
3.386455156726821514e+01
3.387793120376214517e+01
3.387793120376214517e+01
3.388159005474985008e+01
3.388678268102354707e+01
3.388678268102354707e+01
3.388760132926046964e+01
3.388760132926046964e+01
3.388760132926046964e+01
3.388865844429646046e+01
3.388865844429646046e+01
3.388894040570342270e+01
3.388894040570342270e+01
3.388894040570342270e+01
3.388894040570342270e+01
3.389103238001064966e+01
3.389105488052955195e+01
3.389146734034361685e+01
3.389169791300221846e+01
3.389173195014346618e+01
3.389190416682474449e+01
3.389204016577615164e+01
