2.658333045114927984e+01
3.010037523858052921e+01
3.298049051675978660e+01
3.340251559175621310e+01
3.340251559175621310e+01
3.340251559175621310e+01
3.340251559175621310e+01
3.340251559175621310e+01
3.340251559175621310e+01
3.350275054517196338e+01
3.363854897569805757e+01
3.363854897569805757e+01
3.363854897569805757e+01
3.363854897569805757e+01
3.363854897569805757e+01
3.363854897569805757e+01
3.366240336693037705e+01
3.366240336693037705e+01
3.368906394937505411e+01
3.368906394937505411e+01
3.381083250992197975e+01
3.381083250992197975e+01
3.381083250992197975e+01
3.381083250992197975e+01
3.381083250992197975e+01
3.381083250992197975e+01
3.381083250992197975e+01
3.381083250992197975e+01
3.381923798801038572e+01
3.381923798801038572e+01
3.381923798801038572e+01
3.381923798801038572e+01
3.381923798801038572e+01
3.381923798801038572e+01
3.381923798801038572e+01
3.384006847978892552e+01
3.384006847978892552e+01
3.384006847978892552e+01
3.384006847978892552e+01
3.384006847978892552e+01
3.384006847978892552e+01
3.384006847978892552e+01
3.384006847978892552e+01
3.384006847978892552e+01
3.384006847978892552e+01
3.384006847978892552e+01
3.384006847978892552e+01
3.387501577839165634e+01
3.387501577839165634e+01
3.387501577839165634e+01
3.387905516033720232e+01
