2.658333045114927984e+01
3.014923299317817396e+01
3.304702126784759031e+01
3.304702126784759031e+01
3.304702126784759031e+01
3.352715720207972794e+01
3.352715720207972794e+01
3.352715720207972794e+01
3.352715720207972794e+01
3.361302201391739430e+01
3.363124225679815993e+01
3.363124225679815993e+01
3.363124225679815993e+01
3.381107458145449129e+01
3.381107458145449129e+01
3.381107458145449129e+01
3.381107458145449129e+01
3.381107458145449129e+01
3.381107458145449129e+01
3.381107458145449129e+01
3.381107458145449129e+01
3.381107458145449129e+01
3.381107458145449129e+01
3.382667540111687288e+01
3.382667540111687288e+01
3.383986048922996304e+01
3.387382341776380201e+01
3.387382341776380201e+01
3.387382341776380201e+01
3.387781109619045594e+01
3.388779933857273363e+01
3.388779933857273363e+01
3.388779933857273363e+01
3.388908252127282594e+01
3.388908252127282594e+01
3.389027357735461266e+01
3.389059623156954615e+01
3.389135694218673223e+01
3.389183150842377046e+01
3.389183150842377046e+01
3.389183150842377046e+01
3.389184959817515619e+01
3.389185828321316052e+01
3.389199266972400437e+01
3.389199859426557282e+01
3.389199859426557282e+01
3.389199870947680893e+01
3.389199870947680893e+01
3.389199967474402797e+01
3.389199967474402797e+01
3.389199967474402797e+01
