2.405728384198009451e+01
2.652439421251401086e+01
3.011329509018495543e+01
3.067585114222373832e+01
3.136185075941989453e+01
3.136185075941989453e+01
3.188994992905358217e+01
3.188994992905358217e+01
3.214570180779179509e+01
3.299636415860450711e+01
3.299636415860450711e+01
3.299636415860450711e+01
3.299636415860450711e+01
3.336646688223503077e+01
3.336646688223503077e+01
3.338092347218479006e+01
3.361625925276384663e+01
3.361625925276384663e+01
3.361625925276384663e+01
3.366535374608195497e+01
3.383631102126837931e+01
3.383631102126837931e+01
3.383631102126837931e+01
3.386334464408925271e+01
3.386334464408925271e+01
3.386334464408925271e+01
3.386334464408925271e+01
3.386334464408925271e+01
3.386334464408925271e+01
3.387837887619573252e+01
3.387837887619573252e+01
3.387837887619573252e+01
3.387837887619573252e+01
3.388475101098306652e+01
3.388475101098306652e+01
3.388835057105152515e+01
3.388942730097318190e+01
3.389031815086342903e+01
3.389031815086342903e+01
3.389031815086342903e+01
3.389031815086342903e+01
3.389031815086342903e+01
3.389045129797955980e+01
3.389045129797955980e+01
3.389045129797955980e+01
3.389045129797955980e+01
3.389141163092814679e+01
3.389179861402057981e+01
3.389190093540094040e+01
3.389195420720839991e+01
3.389205613405574979e+01
