2.706478314533733709e+01
2.946206079848445114e+01
3.092929977992820767e+01
3.278532402004703528e+01
3.286470892820440781e+01
3.286470892820440781e+01
3.286470892820440781e+01
3.317067317463376241e+01
3.333109316949204270e+01
3.333109316949204270e+01
3.356766617190285018e+01
3.362041812635143856e+01
3.362041812635143856e+01
3.362041812635143856e+01
3.362041812635143856e+01
3.363703945406743401e+01
3.363703945406743401e+01
3.365090911368005067e+01
3.365090911368005067e+01
3.365090911368005067e+01
3.379727762740812125e+01
3.385289535237529890e+01
3.385696836766519624e+01
3.385696836766519624e+01
3.385696836766519624e+01
3.385696836766519624e+01
3.386680142165563723e+01
3.386914094534675712e+01
3.387525999849424352e+01
3.387728310779166918e+01
3.387728310779166918e+01
3.388559297392481540e+01
3.388870581581495145e+01
3.388930049311689885e+01
3.388930049311689885e+01
3.389041160569928479e+01
3.389041160569928479e+01
3.389041160569928479e+01
3.389053856811842991e+01
3.389156297555008734e+01
3.389161276536107437e+01
3.389163766984347603e+01
3.389163766984347603e+01
3.389194666204545570e+01
3.389195141455934390e+01
3.389196530699887688e+01
3.389196530699887688e+01
3.389196530699887688e+01
3.389196530699887688e+01
3.389196530699887688e+01
3.389197828918646849e+01
