2.288614614327905983e+01
2.532177968294440618e+01
2.831286866766886590e+01
3.036013519967893970e+01
3.225878381009107443e+01
3.297898534626236255e+01
3.300161228148852643e+01
3.330339185961875614e+01
3.330339185961875614e+01
3.330339185961875614e+01
3.330339185961875614e+01
3.359939960383518098e+01
3.363742844136397991e+01
3.363742844136397991e+01
3.363742844136397991e+01
3.363742844136397991e+01
3.366808939830193736e+01
3.366808939830193736e+01
3.366808939830193736e+01
3.366808939830193736e+01
3.366808939830193736e+01
3.366808939830193736e+01
3.377222170238375298e+01
3.380967740815590616e+01
3.380967740815590616e+01
3.384253814622010026e+01
3.384253814622010026e+01
3.385093309591060518e+01
3.385613115486995639e+01
3.387360434120240171e+01
3.387360434120240171e+01
3.388471819803206841e+01
3.388471819803206841e+01
3.388471819803206841e+01
3.388471819803206841e+01
3.388471819803206841e+01
3.388747581115924135e+01
3.389028978910509693e+01
3.389028978910509693e+01
3.389028978910509693e+01
3.389028978910509693e+01
3.389131592713035701e+01
3.389131592713035701e+01
3.389159591783356973e+01
3.389159591783356973e+01
3.389159900333828546e+01
3.389167341103463116e+01
3.389167341103463116e+01
3.389167341103463116e+01
3.389169543834006504e+01
3.389179041425279593e+01
