2.701663905095799834e+01
2.838201743919642439e+01
3.023828882954277475e+01
3.210623015065296215e+01
3.210623015065296215e+01
3.210623015065296215e+01
3.305606394719838192e+01
3.305606394719838192e+01
3.305606394719838192e+01
3.305606394719838192e+01
3.305606394719838192e+01
3.305606394719838192e+01
3.305606394719838192e+01
3.305606394719838192e+01
3.324648395084680885e+01
3.324648395084680885e+01
3.324648395084680885e+01
3.331639889536537424e+01
3.331639889536537424e+01
3.331639889536537424e+01
3.331639889536537424e+01
3.342104654507491546e+01
3.353788557566570461e+01
3.353788557566570461e+01
3.375303036370823406e+01
3.375303036370823406e+01
3.375303036370823406e+01
3.375303036370823406e+01
3.375303036370823406e+01
3.375303036370823406e+01
3.375303036370823406e+01
3.375303036370823406e+01
3.375303036370823406e+01
3.375303036370823406e+01
3.375303036370823406e+01
3.375303036370823406e+01
3.376533919848198195e+01
3.376533919848198195e+01
3.378718387154236780e+01
3.378718387154236780e+01
3.384103728339829331e+01
3.384103728339829331e+01
3.384103728339829331e+01
3.384103728339829331e+01
3.386735891112236629e+01
3.386735891112236629e+01
3.386735891112236629e+01
3.386735891112236629e+01
3.386735891112236629e+01
3.386735891112236629e+01
3.386735891112236629e+01
