2.824817292138478209e+01
2.906310292951371110e+01
3.035023900521212425e+01
3.035023900521212425e+01
3.272265988323006525e+01
3.272265988323006525e+01
3.272265988323006525e+01
3.272265988323006525e+01
3.325030590663494934e+01
3.325030590663494934e+01
3.325030590663494934e+01
3.337139336548647606e+01
3.337139336548647606e+01
3.346703602214092399e+01
3.346703602214092399e+01
3.353913392634582635e+01
3.360711969274049693e+01
3.363984112883689193e+01
3.363984112883689193e+01
3.382028222795027261e+01
3.385182949809559005e+01
3.385182949809559005e+01
3.385182949809559005e+01
3.385182949809559005e+01
3.385182949809559005e+01
3.385182949809559005e+01
3.385182949809559005e+01
3.385434297167671502e+01
3.385434297167671502e+01
3.386886109366859898e+01
3.386886109366859898e+01
3.387784451684979103e+01
3.387784451684979103e+01
3.387784451684979103e+01
3.388465343780105599e+01
3.388856287523093869e+01
3.388856287523093869e+01
3.388856287523093869e+01
3.388856287523093869e+01
3.389057331039044385e+01
3.389062285809582420e+01
3.389108343983195937e+01
3.389166704314610001e+01
3.389166704314610001e+01
3.389166704314610001e+01
3.389168879267054280e+01
3.389168879267054280e+01
3.389168879267054280e+01
3.389174135565021828e+01
3.389198206754858944e+01
3.389198206754858944e+01
