2.603974823205685851e+01
2.880154875461498420e+01
2.880154875461498420e+01
3.163915301187795137e+01
3.260305604824274894e+01
3.260305604824274894e+01
3.260305604824274894e+01
3.279897221432925392e+01
3.279897221432925392e+01
3.293100822563670249e+01
3.293100822563670249e+01
3.305093889238511906e+01
3.338373434870072032e+01
3.348040556747314866e+01
3.348040556747314866e+01
3.354240571073403743e+01
3.354441047589087077e+01
3.359897544785515322e+01
3.359897544785515322e+01
3.359897544785515322e+01
3.359897544785515322e+01
3.359897544785515322e+01
3.359897544785515322e+01
3.373866666106850687e+01
3.374968923142050414e+01
3.375137512001298745e+01
3.382912829348039452e+01
3.386547851816037991e+01
3.386547851816037991e+01
3.386547851816037991e+01
3.387196887750610585e+01
3.387583422538553179e+01
3.387989780097578318e+01
3.388376710669113834e+01
3.388376710669113834e+01
3.388376710669113834e+01
3.388427319393955628e+01
3.388427319393955628e+01
3.388448690467988911e+01
3.388569027666544287e+01
3.388570126681109684e+01
3.388570126681109684e+01
3.388646315809536702e+01
3.389101162535716583e+01
3.389133286250493171e+01
3.389174045881749464e+01
3.389174045881749464e+01
3.389175566799619332e+01
3.389207168819921634e+01
3.389207168819921634e+01
3.389223104069810688e+01
