2.824817292138478209e+01
2.867940918728620758e+01
2.883620658592965214e+01
3.129072323564641778e+01
3.156820096720097979e+01
3.242618425918309555e+01
3.242618425918309555e+01
3.321640242002022347e+01
3.321640242002022347e+01
3.321640242002022347e+01
3.321640242002022347e+01
3.321640242002022347e+01
3.321640242002022347e+01
3.321640242002022347e+01
3.321640242002022347e+01
3.330942414386396422e+01
3.330942414386396422e+01
3.346090389935932308e+01
3.346090389935932308e+01
3.346090389935932308e+01
3.346090389935932308e+01
3.352938853843514266e+01
3.358643495329161510e+01
3.358643495329161510e+01
3.358643495329161510e+01
3.358643495329161510e+01
3.358643495329161510e+01
3.358643495329161510e+01
3.374621570460848829e+01
3.379524619066862812e+01
3.379524619066862812e+01
3.385571220728141384e+01
3.385571220728141384e+01
3.385571220728141384e+01
3.385571220728141384e+01
3.385571220728141384e+01
3.385571220728141384e+01
3.385571220728141384e+01
3.385571220728141384e+01
3.386761672812695423e+01
3.386761672812695423e+01
3.386761672812695423e+01
3.386761672812695423e+01
3.386761672812695423e+01
3.386761672812695423e+01
3.388214583006811154e+01
3.388214583006811154e+01
3.388214583006811154e+01
3.388214583006811154e+01
3.388214583006811154e+01
3.388214583006811154e+01
