2.482061279081631255e+01
2.612422002836311208e+01
3.030624226118349185e+01
3.187411228799632923e+01
3.187411228799632923e+01
3.194692053997326298e+01
3.299289462431060826e+01
3.299289462431060826e+01
3.310220633725911910e+01
3.310220633725911910e+01
3.341090884371799064e+01
3.342101353983596113e+01
3.344715713570565896e+01
3.344715713570565896e+01
3.344715713570565896e+01
3.344715713570565896e+01
3.354220252527426283e+01
3.354220252527426283e+01
3.354220252527426283e+01
3.356592972923981932e+01
3.361482244616610870e+01
3.361482244616610870e+01
3.379287550028050191e+01
3.379287550028050191e+01
3.379287550028050191e+01
3.386720738477416148e+01
3.386720738477416148e+01
3.386720738477416148e+01
3.386720738477416148e+01
3.387843625977563988e+01
3.387843625977563988e+01
3.387843625977563988e+01
3.387843625977563988e+01
3.387843625977563988e+01
3.387927268955215965e+01
3.388078064393925359e+01
3.388802357590076042e+01
3.388850057358226309e+01
3.389069072841540020e+01
3.389135320734359880e+01
3.389157240757905498e+01
3.389157240757905498e+01
3.389157240757905498e+01
3.389165205943406534e+01
3.389228497868771228e+01
3.389228497868771228e+01
3.389228939358689274e+01
3.389228939358689274e+01
3.389229262815629795e+01
3.389229316355944377e+01
3.389229316355944377e+01
