2.288614614327905983e+01
2.526506343685574052e+01
2.644211525165010102e+01
2.948721821764484474e+01
3.077027893588068963e+01
3.148361167853181186e+01
3.314651798780072056e+01
3.314651798780072056e+01
3.314651798780072056e+01
3.314651798780072056e+01
3.314651798780072056e+01
3.320723265724955553e+01
3.320723265724955553e+01
3.320723265724955553e+01
3.320723265724955553e+01
3.320723265724955553e+01
3.320723265724955553e+01
3.363294628864035474e+01
3.363294628864035474e+01
3.363294628864035474e+01
3.363294628864035474e+01
3.363294628864035474e+01
3.363294628864035474e+01
3.363294628864035474e+01
3.363294628864035474e+01
3.363294628864035474e+01
3.363294628864035474e+01
3.363294628864035474e+01
3.369989972448639293e+01
3.369989972448639293e+01
3.369989972448639293e+01
3.369989972448639293e+01
3.369989972448639293e+01
3.369989972448639293e+01
3.369989972448639293e+01
3.378104631128950075e+01
3.378104631128950075e+01
3.378104631128950075e+01
3.378104631128950075e+01
3.378104631128950075e+01
3.378104631128950075e+01
3.378104631128950075e+01
3.378104631128950075e+01
3.380108038594393349e+01
3.380108038594393349e+01
3.380108038594393349e+01
3.380108038594393349e+01
3.380108038594393349e+01
3.380108038594393349e+01
3.380108038594393349e+01
3.386186876970675286e+01
