2.672487729498944731e+01
2.876050938411114899e+01
2.951712689280134683e+01
3.063908817959789133e+01
3.104985610019687314e+01
3.305530955376957536e+01
3.305530955376957536e+01
3.305530955376957536e+01
3.305530955376957536e+01
3.305530955376957536e+01
3.305530955376957536e+01
3.356387827488340747e+01
3.356387827488340747e+01
3.356387827488340747e+01
3.356387827488340747e+01
3.356387827488340747e+01
3.356387827488340747e+01
3.356387827488340747e+01
3.358289132935553312e+01
3.371273686053372387e+01
3.371273686053372387e+01
3.371273686053372387e+01
3.371273686053372387e+01
3.371273686053372387e+01
3.371273686053372387e+01
3.374953710345911873e+01
3.374953710345911873e+01
3.374953710345911873e+01
3.374953710345911873e+01
3.374953710345911873e+01
3.374953710345911873e+01
3.374953710345911873e+01
3.377259108449227654e+01
3.377259108449227654e+01
3.377259108449227654e+01
3.381257130125305821e+01
3.381257130125305821e+01
3.381257130125305821e+01
3.381257130125305821e+01
3.381257130125305821e+01
3.381257130125305821e+01
3.381257130125305821e+01
3.383885661861539518e+01
3.383885661861539518e+01
3.383885661861539518e+01
3.383885661861539518e+01
3.383885661861539518e+01
3.383885661861539518e+01
3.383885661861539518e+01
3.383885661861539518e+01
3.383885661861539518e+01
