2.603974823205685851e+01
2.837190369577054128e+01
3.061870809010289918e+01
3.311369336860795443e+01
3.311369336860795443e+01
3.311369336860795443e+01
3.311369336860795443e+01
3.311369336860795443e+01
3.311369336860795443e+01
3.313105075894833362e+01
3.313105075894833362e+01
3.313105075894833362e+01
3.313105075894833362e+01
3.332892706175243092e+01
3.332892706175243092e+01
3.332892706175243092e+01
3.332892706175243092e+01
3.332892706175243092e+01
3.340410624780442106e+01
3.375830444831140653e+01
3.375830444831140653e+01
3.375830444831140653e+01
3.375830444831140653e+01
3.375830444831140653e+01
3.375830444831140653e+01
3.375830444831140653e+01
3.376599092995721918e+01
3.376599092995721918e+01
3.377841592743637023e+01
3.377841592743637023e+01
3.377841592743637023e+01
3.377841592743637023e+01
3.380995490669524628e+01
3.380995490669524628e+01
3.380995490669524628e+01
3.380995490669524628e+01
3.380995490669524628e+01
3.380995490669524628e+01
3.380995490669524628e+01
3.380995490669524628e+01
3.380995490669524628e+01
3.380995490669524628e+01
3.380995490669524628e+01
3.380995490669524628e+01
3.380995490669524628e+01
3.380995490669524628e+01
3.380995490669524628e+01
3.380995490669524628e+01
3.380995490669524628e+01
3.380995490669524628e+01
3.380995490669524628e+01
