2.701663905095799834e+01
2.835963244799624050e+01
2.959177092409204590e+01
3.224668014175266251e+01
3.224668014175266251e+01
3.227567610545207799e+01
3.227567610545207799e+01
3.308360500334872256e+01
3.308360500334872256e+01
3.337642750994307761e+01
3.337642750994307761e+01
3.337642750994307761e+01
3.346498190887852786e+01
3.346498190887852786e+01
3.357962792728604029e+01
3.362060362726981566e+01
3.369275851391431331e+01
3.369275851391431331e+01
3.369275851391431331e+01
3.369275851391431331e+01
3.369275851391431331e+01
3.369275851391431331e+01
3.369275851391431331e+01
3.386039311257613349e+01
3.386039311257613349e+01
3.386576198411077598e+01
3.386576198411077598e+01
3.386576198411077598e+01
3.388204027449928901e+01
3.388204027449928901e+01
3.388204027449928901e+01
3.388499405201073245e+01
3.388499405201073245e+01
3.388695012542630991e+01
3.388695012542630991e+01
3.388742807606946172e+01
3.388753314018434537e+01
3.388800939906504084e+01
3.388953954897559129e+01
3.389050328884801644e+01
3.389064590523139486e+01
3.389095355009504118e+01
3.389095355009504118e+01
3.389114249040368776e+01
3.389114249040368776e+01
3.389147541725665036e+01
3.389147568755391404e+01
3.389153306528788789e+01
3.389153306528788789e+01
3.389153820521616467e+01
3.389161189228927640e+01
