2.672487729498944731e+01
2.883183281951952281e+01
2.954269700599156678e+01
3.062037404467474744e+01
3.253739234919749634e+01
3.315772002424481713e+01
3.315772002424481713e+01
3.315772002424481713e+01
3.315772002424481713e+01
3.315772002424481713e+01
3.315772002424481713e+01
3.353214997768198202e+01
3.353214997768198202e+01
3.353214997768198202e+01
3.353214997768198202e+01
3.353214997768198202e+01
3.353214997768198202e+01
3.353214997768198202e+01
3.378947833280324176e+01
3.378947833280324176e+01
3.378947833280324176e+01
3.378947833280324176e+01
3.378947833280324176e+01
3.378947833280324176e+01
3.381767499275686362e+01
3.383938764352184592e+01
3.385957079795363001e+01
3.386541650072202003e+01
3.388948611843886738e+01
3.388948611843886738e+01
3.388948611843886738e+01
3.388948611843886738e+01
3.388948611843886738e+01
3.388948611843886738e+01
3.388948611843886738e+01
3.388948611843886738e+01
3.389011271861230057e+01
3.389011271861230057e+01
3.389014602924498121e+01
3.389062054695666859e+01
3.389121228352969695e+01
3.389147375788826366e+01
3.389161286189016664e+01
3.389161286189016664e+01
3.389164368762274648e+01
3.389198673247591387e+01
3.389201550098106708e+01
3.389216770288001612e+01
3.389216770288001612e+01
3.389225084603594240e+01
3.389225084603594240e+01
