2.482061279081631255e+01
2.636571465248656665e+01
3.048862139932357707e+01
3.048862139932357707e+01
3.234374043537097521e+01
3.234374043537097521e+01
3.312399987612141672e+01
3.312399987612141672e+01
3.331402279078733386e+01
3.331402279078733386e+01
3.331402279078733386e+01
3.331402279078733386e+01
3.331402279078733386e+01
3.331402279078733386e+01
3.349205535287401858e+01
3.349205535287401858e+01
3.349205535287401858e+01
3.358833951276988472e+01
3.358833951276988472e+01
3.367910518655503438e+01
3.367910518655503438e+01
3.369690698635032788e+01
3.369690698635032788e+01
3.369690698635032788e+01
3.369690698635032788e+01
3.369690698635032788e+01
3.369690698635032788e+01
3.369690698635032788e+01
3.369690698635032788e+01
3.371253340978172730e+01
3.371253340978172730e+01
3.384254476647360121e+01
3.384254476647360121e+01
3.384254476647360121e+01
3.384254476647360121e+01
3.385285818143651682e+01
3.385285818143651682e+01
3.385285818143651682e+01
3.385285818143651682e+01
3.385285818143651682e+01
3.387132616185124334e+01
3.387132616185124334e+01
3.387132616185124334e+01
3.387132616185124334e+01
3.387132616185124334e+01
3.387132616185124334e+01
3.387132616185124334e+01
3.387132616185124334e+01
3.387132616185124334e+01
3.387132616185124334e+01
3.387132616185124334e+01
