2.405728384198009451e+01
2.670934562005526303e+01
3.052632469111328817e+01
3.193774744411306443e+01
3.193774744411306443e+01
3.250217230302370552e+01
3.250217230302370552e+01
3.338778783107963477e+01
3.338778783107963477e+01
3.338778783107963477e+01
3.338778783107963477e+01
3.338778783107963477e+01
3.338778783107963477e+01
3.338778783107963477e+01
3.338778783107963477e+01
3.338778783107963477e+01
3.338778783107963477e+01
3.338778783107963477e+01
3.350309887281678556e+01
3.350309887281678556e+01
3.358263555451529925e+01
3.358263555451529925e+01
3.358263555451529925e+01
3.372912514223951064e+01
3.372912514223951064e+01
3.372912514223951064e+01
3.372912514223951064e+01
3.372912514223951064e+01
3.372912514223951064e+01
3.372912514223951064e+01
3.372912514223951064e+01
3.372912514223951064e+01
3.372912514223951064e+01
3.377914716667810069e+01
3.377914716667810069e+01
3.380024104345333313e+01
3.380024104345333313e+01
3.380024104345333313e+01
3.380024104345333313e+01
3.385746358495212860e+01
3.385746358495212860e+01
3.385746358495212860e+01
3.385746358495212860e+01
3.386144606540709390e+01
3.386144606540709390e+01
3.386144606540709390e+01
3.386144606540709390e+01
3.386144606540709390e+01
3.386144606540709390e+01
3.386144606540709390e+01
3.386144606540709390e+01
