1.002474610247838086e+03
1.037277469317713894e+03
1.037277469317713894e+03
1.078874763550320040e+03
1.100452919185730480e+03
1.100668447941077829e+03
1.100668447941077829e+03
1.100668462489033573e+03
1.100854428594044066e+03
1.100854428594044066e+03
1.100854428594044066e+03
1.100854428594044066e+03
1.100854428594044066e+03
1.100854428594044066e+03
1.101326912537427916e+03
1.101326912537427916e+03
1.101326912537427916e+03
1.101326912537427916e+03
1.101332870759537855e+03
1.101453335196723401e+03
1.101462960763824412e+03
1.101462960763824412e+03
1.101462960763824412e+03
1.101462960763824412e+03
1.101462960763824412e+03
1.101462960763824412e+03
1.101462960763824412e+03
1.101462960763824412e+03
1.101462960763824412e+03
1.101462960763824412e+03
1.101462960763824412e+03
1.101462960763824412e+03
1.101462960763824412e+03
1.101476747369113355e+03
1.101476747369113355e+03
1.101476747369113355e+03
1.101476747369113355e+03
1.101476747369113355e+03
1.101544264870284451e+03
1.101544264870284451e+03
1.101544264870284451e+03
1.101563856420168122e+03
1.101563856420168122e+03
1.101563856420168122e+03
1.101563856420168122e+03
1.101563856420168122e+03
1.101563856420168122e+03
1.101563856420168122e+03
1.101579230035033788e+03
1.101579230035033788e+03
1.101579230035033788e+03
1.101579230035033788e+03
1.101579230035033788e+03
1.101579230035033788e+03
1.101579230035033788e+03
1.101579230035033788e+03
1.101579230035033788e+03
1.101579230035033788e+03
1.101579230035033788e+03
1.101579230035033788e+03
1.101579230035033788e+03
1.101579230035033788e+03
1.101581823486885924e+03
1.101581823486885924e+03
1.101581823486885924e+03
1.101581823486885924e+03
1.101581823486885924e+03
1.101581823486885924e+03
1.101584930107608216e+03
1.101584930107608216e+03
1.101585981385202331e+03
1.101585981385202331e+03
1.101587089049359292e+03
1.101588629365393672e+03
1.101589405663794878e+03
1.101589405663794878e+03
1.101589405663794878e+03
1.101589405663794878e+03
1.101589405663794878e+03
1.101595284219844643e+03
1.101595284219844643e+03
1.101595284219844643e+03
1.101595470020380390e+03
1.101595470020380390e+03
1.101595470020380390e+03
1.101595503598781988e+03
1.101595509784734531e+03
1.101595509784734531e+03
1.101595509784734531e+03
1.101595615400266070e+03
1.101595710543798987e+03
1.101595710543798987e+03
1.101595710543798987e+03
1.101595710543798987e+03
1.101595710543798987e+03
1.101595710543798987e+03
1.101595710543798987e+03
1.101595710543798987e+03
1.101595710543798987e+03
1.101595710543798987e+03
1.101595710543798987e+03
