1.042433017168689275e+03
1.049010825374109118e+03
1.049010825374109118e+03
1.064690022401474380e+03
1.072140549895933873e+03
1.072140549895933873e+03
1.072140549895933873e+03
1.093826138232157518e+03
1.099138389422769023e+03
1.101138920980417879e+03
1.101445402129307240e+03
1.101445402129307240e+03
1.101445402129307240e+03
1.101445402129307240e+03
1.101445402129307240e+03
1.101445402129307240e+03
1.101445402129307240e+03
1.101445402129307240e+03
1.101445402129307240e+03
1.101445737467625349e+03
1.101445737467625349e+03
1.101445737467625349e+03
1.101445737467625349e+03
1.101445737467625349e+03
1.101445737467625349e+03
1.101445737467625349e+03
1.101445737467625349e+03
1.101445737467625349e+03
1.101445737467625349e+03
1.101445737467625349e+03
1.101445737467625349e+03
1.101445737467625349e+03
1.101445737467625349e+03
1.101445737467625349e+03
1.101445737467625349e+03
1.101445737467625349e+03
1.101509539871290144e+03
1.101509539871290144e+03
1.101509539871290144e+03
1.101509539871290144e+03
1.101509539871290144e+03
1.101520953675132887e+03
1.101520953675132887e+03
1.101520953675132887e+03
1.101540296360388311e+03
1.101540296360388311e+03
1.101540296360388311e+03
1.101540296360388311e+03
1.101540296360388311e+03
1.101540296360388311e+03
1.101546006208869358e+03
1.101546006208869358e+03
1.101546006208869358e+03
1.101546006208869358e+03
1.101546006208869358e+03
1.101546006208869358e+03
1.101550062813327031e+03
1.101550062813327031e+03
1.101564806019698608e+03
1.101564806019698608e+03
1.101564806019698608e+03
1.101573078715557131e+03
1.101578175415084161e+03
1.101578175415084161e+03
1.101595756338515002e+03
1.101595756338515002e+03
1.101595756338515002e+03
1.101601969884076425e+03
1.101601969884076425e+03
1.101605052061431707e+03
1.101605052061431707e+03
1.101605052061431707e+03
1.101605052061431707e+03
1.101605052061431707e+03
1.101605052061431707e+03
1.101605052061431707e+03
1.101605088835022343e+03
1.101605088835022343e+03
1.101605088835022343e+03
1.101605088835022343e+03
1.101605088835022343e+03
1.101605088835022343e+03
1.101605088835022343e+03
1.101605088835022343e+03
1.101605394871839508e+03
1.101605394871839508e+03
1.101605394871839508e+03
1.101605394871839508e+03
1.101605394871839508e+03
1.101605394871839508e+03
1.101605394871839508e+03
1.101605394871839508e+03
1.101605694114902235e+03
1.101605694114902235e+03
1.101605694114902235e+03
1.101605694114902235e+03
1.101605694114902235e+03
1.101605694114902235e+03
1.101605694114902235e+03
1.101605694114902235e+03
1.101605966006617109e+03
