1.002474610247838086e+03
1.037278151469140994e+03
1.037278151469140994e+03
1.078859323181977288e+03
1.100454304045138315e+03
1.100668365730982941e+03
1.100668365730982941e+03
1.100668365730982941e+03
1.100668365730982941e+03
1.100730130917800125e+03
1.100730130917800125e+03
1.100733129670608150e+03
1.100733129670608150e+03
1.100733129670608150e+03
1.100945826959849455e+03
1.101079441643787732e+03
1.101079441643787732e+03
1.101079441643787732e+03
1.101079441643787732e+03
1.101079441643787732e+03
1.101079441643787732e+03
1.101079441643787732e+03
1.101082096576182266e+03
1.101152630032033812e+03
1.101193347409031276e+03
1.101193347409031276e+03
1.101193347409031276e+03
1.101210139431835159e+03
1.101223130653145290e+03
1.101223130653145290e+03
1.101223130653145290e+03
1.101223130653145290e+03
1.101223130653145290e+03
1.101223130653145290e+03
1.101226247856347982e+03
1.101245443637489416e+03
1.101275615648548637e+03
1.101275615648548637e+03
1.101275615648548637e+03
1.101292628467453596e+03
1.101292628467453596e+03
1.101292628467453596e+03
1.101305861459726884e+03
1.101305861459726884e+03
1.101338770395883103e+03
1.101395404754844776e+03
1.101421302302616141e+03
1.101424022017426296e+03
1.101424022017426296e+03
1.101425911017317731e+03
1.101425911017317731e+03
1.101433316261825212e+03
1.101443726340985449e+03
1.101470654519457412e+03
1.101505384383722685e+03
1.101505384383722685e+03
1.101505384383722685e+03
1.101520014764796088e+03
1.101520014764796088e+03
1.101537469289160754e+03
1.101549392070978229e+03
1.101549392070978229e+03
1.101557604012847833e+03
1.101557604012847833e+03
1.101564855273351441e+03
1.101564855273351441e+03
1.101577780007359252e+03
1.101581509617346455e+03
1.101581509617346455e+03
1.101581509617346455e+03
1.101581509617346455e+03
1.101594455039943568e+03
1.101594455039943568e+03
1.101598743824125904e+03
1.101598743824125904e+03
1.101598743824125904e+03
1.101598743824125904e+03
1.101598743824125904e+03
1.101599843388540876e+03
1.101599843388540876e+03
1.101599843388540876e+03
1.101599843388540876e+03
1.101599843388540876e+03
1.101599843388540876e+03
1.101601186770852792e+03
1.101601186770852792e+03
1.101601186770852792e+03
1.101601186770852792e+03
1.101601759684395574e+03
1.101601759684395574e+03
1.101601759684395574e+03
1.101601759684395574e+03
1.101601759684395574e+03
1.101601759684395574e+03
1.101601759684395574e+03
1.101601759684395574e+03
1.101601759684395574e+03
1.101601759684395574e+03
1.101601759684395574e+03
1.101601759684395574e+03
1.101601759684395574e+03
