9.870069418118918065e+02
1.024419082575339871e+03
1.067530018537340084e+03
1.097300172146118484e+03
1.098930776843981448e+03
1.098930776843981448e+03
1.100353854333392292e+03
1.100379117635879538e+03
1.100379117635879538e+03
1.100379117635879538e+03
1.100805347963042777e+03
1.100805347963042777e+03
1.100805347963042777e+03
1.101052713720786642e+03
1.101052713720786642e+03
1.101052713720786642e+03
1.101052713720786642e+03
1.101092493614814657e+03
1.101092493614814657e+03
1.101324083022411514e+03
1.101324083022411514e+03
1.101324083022411514e+03
1.101324083022411514e+03
1.101324083022411514e+03
1.101324083022411514e+03
1.101324083022411514e+03
1.101324083022411514e+03
1.101332381835305114e+03
1.101332381835305114e+03
1.101332381835305114e+03
1.101332381835305114e+03
1.101332381835305114e+03
1.101332381835305114e+03
1.101332381835305114e+03
1.101332381835305114e+03
1.101337655793688555e+03
1.101340715537724236e+03
1.101409061646183318e+03
1.101457268059394892e+03
1.101457268059394892e+03
1.101460863311179764e+03
1.101488634893613380e+03
1.101555602686973543e+03
1.101555602686973543e+03
1.101555602686973543e+03
1.101555602686973543e+03
1.101555602686973543e+03
1.101555602686973543e+03
1.101555602686973543e+03
1.101578809061791617e+03
1.101578809061791617e+03
1.101587705483085301e+03
1.101587705483085301e+03
1.101587705483085301e+03
1.101587705483085301e+03
1.101587705483085301e+03
1.101587705483085301e+03
1.101587705483085301e+03
1.101587705483085301e+03
1.101591316893438943e+03
1.101591316893438943e+03
1.101596200329927115e+03
1.101596200329927115e+03
1.101596733089392274e+03
1.101598515999198298e+03
1.101599099306266226e+03
1.101601758887525875e+03
1.101601758887525875e+03
1.101602152274093214e+03
1.101603960787077767e+03
1.101604434532410778e+03
1.101604434532410778e+03
1.101604958866022571e+03
1.101604958866022571e+03
1.101604958866022571e+03
1.101604958866022571e+03
1.101606377060805471e+03
1.101606377060805471e+03
1.101606451050960004e+03
1.101607065100423597e+03
1.101607065100423597e+03
1.101607065100423597e+03
1.101607065100423597e+03
1.101607065100423597e+03
1.101607065100423597e+03
1.101607515717695605e+03
1.101607515717695605e+03
1.101607515717695605e+03
1.101607515717695605e+03
1.101607515717695605e+03
1.101607515717695605e+03
1.101607775152228669e+03
1.101607775152228669e+03
1.101607775152228669e+03
1.101607775152228669e+03
1.101607775152228669e+03
1.101607775152228669e+03
1.101607775152228669e+03
1.101607806447631674e+03
1.101607806447631674e+03
1.101607806447631674e+03
