1.020936118921135403e+03
1.040669731135911888e+03
1.040766613768693105e+03
1.073115643351570725e+03
1.098415112988392593e+03
1.098415112988392593e+03
1.098490224167495853e+03
1.098490224167495853e+03
1.100224989652478826e+03
1.100344293152988030e+03
1.100344293152988030e+03
1.100518848584025363e+03
1.101053406241539051e+03
1.101053406241539051e+03
1.101053406241539051e+03
1.101200981354172882e+03
1.101200981354172882e+03
1.101200981354172882e+03
1.101200981354172882e+03
1.101200981354172882e+03
1.101288591577654415e+03
1.101288591577654415e+03
1.101288591577654415e+03
1.101288591577654415e+03
1.101288591577654415e+03
1.101288591577654415e+03
1.101288591577654415e+03
1.101288591577654415e+03
1.101291929172380378e+03
1.101291929172380378e+03
1.101291929172380378e+03
1.101291929172380378e+03
1.101291929172380378e+03
1.101383480747283556e+03
1.101383480747283556e+03
1.101393484387598619e+03
1.101393484387598619e+03
1.101393484387598619e+03
1.101409011175311662e+03
1.101409011175311662e+03
1.101409011175311662e+03
1.101432328619459668e+03
1.101432328619459668e+03
1.101432328619459668e+03
1.101468121431739291e+03
1.101468121431739291e+03
1.101493690991268295e+03
1.101508939752707875e+03
1.101508939752707875e+03
1.101508939752707875e+03
1.101520049568018294e+03
1.101520049568018294e+03
1.101521452119870446e+03
1.101521452119870446e+03
1.101522040233871849e+03
1.101542094521354102e+03
1.101542094521354102e+03
1.101553370739594811e+03
1.101553370739594811e+03
1.101557229153873323e+03
1.101557229153873323e+03
1.101562353899101709e+03
1.101566368143142654e+03
1.101566368143142654e+03
1.101568769951659078e+03
1.101568769951659078e+03
1.101571975952837420e+03
1.101573618924799121e+03
1.101580277861801278e+03
1.101586711658923377e+03
1.101586711658923377e+03
1.101586711658923377e+03
1.101586711658923377e+03
1.101586711658923377e+03
1.101586744896955679e+03
1.101586744896955679e+03
1.101588610057820915e+03
1.101588610057820915e+03
1.101591004694657613e+03
1.101593489063034212e+03
1.101593489063034212e+03
1.101593489063034212e+03
1.101593489063034212e+03
1.101593489063034212e+03
1.101594006196038663e+03
1.101594006196038663e+03
1.101597605101261706e+03
1.101600581244738805e+03
1.101603534302688558e+03
1.101603534302688558e+03
1.101603534302688558e+03
1.101605032033819953e+03
1.101605289646536903e+03
1.101605763683017130e+03
1.101605763683017130e+03
1.101605763683017130e+03
1.101606414178485920e+03
1.101606414178485920e+03
1.101606807744279649e+03
1.101607583444030524e+03
1.101607884569536736e+03
