9.913811466741614140e+02
1.028375556226869321e+03
1.081734908772045173e+03
1.099473522419715437e+03
1.099473522419715437e+03
1.099473522419715437e+03
1.099473522419715437e+03
1.100017071162828188e+03
1.100017071162828188e+03
1.100017071162828188e+03
1.100073876495499462e+03
1.100073876495499462e+03
1.100073876495499462e+03
1.100073876495499462e+03
1.100073876495499462e+03
1.100073876495499462e+03
1.100073891581929502e+03
1.100294697587596829e+03
1.100294697587596829e+03
1.100294697587596829e+03
1.101360003503688404e+03
1.101360003503688404e+03
1.101360003503688404e+03
1.101360003503688404e+03
1.101360003503688404e+03
1.101360003503688404e+03
1.101360003503688404e+03
1.101360003503688404e+03
1.101360003503688404e+03
1.101360003503688404e+03
1.101360003503688404e+03
1.101360003503688404e+03
1.101360003503688404e+03
1.101360003503688404e+03
1.101360003503688404e+03
1.101416246221221854e+03
1.101416246221221854e+03
1.101416246221221854e+03
1.101416246221221854e+03
1.101434813393690547e+03
1.101481950377951080e+03
1.101484615173380917e+03
1.101484615173380917e+03
1.101517918620772889e+03
1.101520530128085966e+03
1.101520530128085966e+03
1.101576553923285246e+03
1.101576553923285246e+03
1.101576553923285246e+03
1.101576553923285246e+03
1.101576553923285246e+03
1.101576553923285246e+03
1.101576553923285246e+03
1.101576553923285246e+03
1.101579061831137096e+03
1.101590237048410245e+03
1.101590237048410245e+03
1.101590569496963553e+03
1.101590569496963553e+03
1.101590569496963553e+03
1.101590569496963553e+03
1.101594009549668044e+03
1.101597915155869941e+03
1.101599695016117266e+03
1.101599695016117266e+03
1.101601950179965797e+03
1.101601950179965797e+03
1.101601950179965797e+03
1.101601950179965797e+03
1.101601950179965797e+03
1.101601950179965797e+03
1.101601950179965797e+03
1.101601950179965797e+03
1.101601950179965797e+03
1.101604212190410635e+03
1.101604212190410635e+03
1.101605382065585218e+03
1.101605382065585218e+03
1.101605485519518879e+03
1.101605485519518879e+03
1.101605511165072812e+03
1.101605599851982561e+03
1.101605599851982561e+03
1.101605599851982561e+03
1.101605599851982561e+03
1.101605599851982561e+03
1.101605599851982561e+03
1.101605599851982561e+03
1.101605599851982561e+03
1.101606424764597250e+03
1.101606424764597250e+03
1.101606424764597250e+03
1.101606424764597250e+03
1.101606470662174843e+03
1.101606470662174843e+03
1.101606470662174843e+03
1.101606470662174843e+03
1.101606470662174843e+03
1.101606470662174843e+03
1.101606470662174843e+03
1.101606470662174843e+03
