9.743666773044042202e+02
9.992698109645779141e+02
1.052508938109057453e+03
1.080530215918222439e+03
1.080530215918222439e+03
1.099259022732179574e+03
1.099259022732179574e+03
1.099259022732179574e+03
1.099279095702993573e+03
1.099794951080614510e+03
1.099794951080614510e+03
1.099794951080614510e+03
1.099794951080614510e+03
1.099794951080614510e+03
1.101063554766023799e+03
1.101063554766023799e+03
1.101063554766023799e+03
1.101063554766023799e+03
1.101455880760292075e+03
1.101455880760292075e+03
1.101455880760292075e+03
1.101455880760292075e+03
1.101456191090131369e+03
1.101456191090131369e+03
1.101456191090131369e+03
1.101456191090131369e+03
1.101456191090131369e+03
1.101456191090131369e+03
1.101456191090131369e+03
1.101456191090131369e+03
1.101456191090131369e+03
1.101456408859091198e+03
1.101456408859091198e+03
1.101456408859091198e+03
1.101456408859091198e+03
1.101456408859091198e+03
1.101520064380260237e+03
1.101520064380260237e+03
1.101525475937709416e+03
1.101525475937709416e+03
1.101544811144104642e+03
1.101544811144104642e+03
1.101544811144104642e+03
1.101587709358091843e+03
1.101587709358091843e+03
1.101587709358091843e+03
1.101587709358091843e+03
1.101587709358091843e+03
1.101587709358091843e+03
1.101587709358091843e+03
1.101587709358091843e+03
1.101587709358091843e+03
1.101589955693165393e+03
1.101589955693165393e+03
1.101589955693165393e+03
1.101589955693165393e+03
1.101589955693165393e+03
1.101589955693165393e+03
1.101589955693165393e+03
1.101589955693165393e+03
1.101598540624880343e+03
1.101598540624880343e+03
1.101598540624880343e+03
1.101598540624880343e+03
1.101598540624880343e+03
1.101598540624880343e+03
1.101598540624880343e+03
1.101598540624880343e+03
1.101598540624880343e+03
1.101598540624880343e+03
1.101602348818223390e+03
1.101602348818223390e+03
1.101602937372232191e+03
1.101602937372232191e+03
1.101602937372232191e+03
1.101602937372232191e+03
1.101606720781639297e+03
1.101606720781639297e+03
1.101606720781639297e+03
1.101606720781639297e+03
1.101606720781639297e+03
1.101606720781639297e+03
1.101607352936496909e+03
1.101607352936496909e+03
1.101607352936496909e+03
1.101607353279590143e+03
1.101607353279590143e+03
1.101607895395774221e+03
1.101607895395774221e+03
1.101607895395774221e+03
1.101607895395774221e+03
1.101607895395774221e+03
1.101607895395774221e+03
1.101607895395774221e+03
1.101607895395774221e+03
1.101607895395774221e+03
1.101607895395774221e+03
1.101607895395774221e+03
1.101608320648735571e+03
1.101608320648735571e+03
1.101608320648735571e+03
