9.870069418118918065e+02
1.024423867548952103e+03
1.067529081977477745e+03
1.097283823503064468e+03
1.098933474272047988e+03
1.098933474272047988e+03
1.100353488416533082e+03
1.100378849694805240e+03
1.100378849694805240e+03
1.100378849694805240e+03
1.100805074177371353e+03
1.100805074177371353e+03
1.100805074177371353e+03
1.101052710746906314e+03
1.101052710746906314e+03
1.101052710746906314e+03
1.101099904691903930e+03
1.101099904691903930e+03
1.101099904691903930e+03
1.101319406395419719e+03
1.101319406395419719e+03
1.101319406395419719e+03
1.101319406395419719e+03
1.101319406395419719e+03
1.101319406395419719e+03
1.101327992866638851e+03
1.101327992866638851e+03
1.101327992866638851e+03
1.101327992866638851e+03
1.101340897650944498e+03
1.101340897650944498e+03
1.101340897650944498e+03
1.101340897650944498e+03
1.101340897650944498e+03
1.101340897650944498e+03
1.101467129376323101e+03
1.101467129376323101e+03
1.101477546794773616e+03
1.101477546794773616e+03
1.101491836152376209e+03
1.101491836152376209e+03
1.101491836152376209e+03
1.101491836152376209e+03
1.101531442293892951e+03
1.101550662349695813e+03
1.101550662349695813e+03
1.101569503249596437e+03
1.101569503249596437e+03
1.101569503249596437e+03
1.101569503249596437e+03
1.101577530705131267e+03
1.101577530705131267e+03
1.101577530705131267e+03
1.101577530705131267e+03
1.101577530705131267e+03
1.101577530705131267e+03
1.101577530705131267e+03
1.101580382093003891e+03
1.101580660832110198e+03
1.101593202530739063e+03
1.101593202530739063e+03
1.101593202530739063e+03
1.101593202530739063e+03
1.101593202530739063e+03
1.101596041122511224e+03
1.101596041122511224e+03
1.101596041122511224e+03
1.101596041122511224e+03
1.101596041122511224e+03
1.101596041122511224e+03
1.101596950827756245e+03
1.101596950827756245e+03
1.101596950827756245e+03
1.101596950827756245e+03
1.101596950827756245e+03
1.101596950827756245e+03
1.101596950827756245e+03
1.101596950827756245e+03
1.101596950827756245e+03
1.101596950827756245e+03
1.101596950827756245e+03
1.101596950827756245e+03
1.101599887506078176e+03
1.101599887506078176e+03
1.101599887506078176e+03
1.101599887506078176e+03
1.101599887506078176e+03
1.101599887506078176e+03
1.101599887506078176e+03
1.101600838393501363e+03
1.101600838393501363e+03
1.101601599023148083e+03
1.101601599023148083e+03
1.101601599023148083e+03
1.101602210837878829e+03
1.101602210837878829e+03
1.101602210837878829e+03
1.101602210837878829e+03
1.101602210837878829e+03
1.101602454669483677e+03
1.101602454669483677e+03
