9.855078723260049856e+02
1.040198042451400397e+03
1.043350209522824343e+03
1.043350209522824343e+03
1.061534170761141695e+03
1.081749888187184752e+03
1.091996363170326504e+03
1.091996363170326504e+03
1.091996363170326504e+03
1.100372337598065769e+03
1.100594726348345603e+03
1.100666806205213788e+03
1.100666806205213788e+03
1.100666806205213788e+03
1.101039248979805507e+03
1.101039248979805507e+03
1.101118288094651234e+03
1.101118288094651234e+03
1.101118288094651234e+03
1.101118288094651234e+03
1.101118288094651234e+03
1.101118288094651234e+03
1.101118288094651234e+03
1.101118288094651234e+03
1.101118288094651234e+03
1.101118288094651234e+03
1.101118288094651234e+03
1.101261771369701819e+03
1.101261771369701819e+03
1.101261771369701819e+03
1.101261771369701819e+03
1.101288938828617802e+03
1.101343163380330452e+03
1.101351921824839565e+03
1.101351921824839565e+03
1.101351921824839565e+03
1.101372264081418507e+03
1.101372264081418507e+03
1.101469797580978138e+03
1.101469797580978138e+03
1.101469797580978138e+03
1.101469797580978138e+03
1.101469797580978138e+03
1.101469797580978138e+03
1.101475724177900929e+03
1.101475724177900929e+03
1.101500809104888958e+03
1.101513675959683951e+03
1.101519388830819707e+03
1.101519388830819707e+03
1.101519388830819707e+03
1.101535943609507513e+03
1.101535943609507513e+03
1.101535943609507513e+03
1.101547669449739487e+03
1.101553004704180466e+03
1.101553004704180466e+03
1.101559072808047404e+03
1.101559190525939130e+03
1.101562287344728475e+03
1.101563684514102079e+03
1.101563684514102079e+03
1.101564484149405416e+03
1.101564484149405416e+03
1.101567514236204261e+03
1.101567545000484415e+03
1.101569825165904604e+03
1.101569825165904604e+03
1.101569825165904604e+03
1.101569825165904604e+03
1.101570844069653504e+03
1.101575307908883360e+03
1.101575307908883360e+03
1.101576263084530638e+03
1.101579164351417830e+03
1.101579164351417830e+03
1.101581621724539900e+03
1.101586432910290114e+03
1.101598251772492631e+03
1.101598251772492631e+03
1.101598251772492631e+03
1.101602441522370782e+03
1.101602441522370782e+03
1.101604941398590654e+03
1.101605227698137014e+03
1.101605227698137014e+03
1.101605227698137014e+03
1.101605227698137014e+03
1.101605428682529009e+03
1.101605508812790276e+03
1.101605961945750778e+03
1.101605961945750778e+03
1.101605961945750778e+03
1.101605967919954765e+03
1.101605987189581583e+03
1.101605987189581583e+03
1.101605987189581583e+03
1.101605987189581583e+03
1.101607080624148011e+03
1.101607080624148011e+03
1.101607080624148011e+03
