1.017545678604095315e+03
1.024288872764640701e+03
1.050865047897672866e+03
1.078701622001949318e+03
1.078701622001949318e+03
1.091328069604076063e+03
1.100348709140477013e+03
1.100525794983288733e+03
1.100525940577374058e+03
1.100525940577374058e+03
1.100525940577374058e+03
1.100525940577374058e+03
1.100525940577374058e+03
1.101122416360630496e+03
1.101122416360630496e+03
1.101122416360630496e+03
1.101122416360630496e+03
1.101303580285014732e+03
1.101303580285014732e+03
1.101303580285014732e+03
1.101303580285014732e+03
1.101303580285014732e+03
1.101303580285014732e+03
1.101349352515344435e+03
1.101349352515344435e+03
1.101349352515344435e+03
1.101406546112231354e+03
1.101406546112231354e+03
1.101459176287691207e+03
1.101462537624579227e+03
1.101462537624579227e+03
1.101462537624579227e+03
1.101462537624579227e+03
1.101462537624579227e+03
1.101462537624579227e+03
1.101466903630343950e+03
1.101471925293452159e+03
1.101471925293452159e+03
1.101471925293452159e+03
1.101480566508916127e+03
1.101480566508916127e+03
1.101521441756919785e+03
1.101521441756919785e+03
1.101521441756919785e+03
1.101521441756919785e+03
1.101550817396252569e+03
1.101550817396252569e+03
1.101550817396252569e+03
1.101553890510696419e+03
1.101568382128351232e+03
1.101593362187928278e+03
1.101593362187928278e+03
1.101593362187928278e+03
1.101593362187928278e+03
1.101593362187928278e+03
1.101593362187928278e+03
1.101593362187928278e+03
1.101593362187928278e+03
1.101593362187928278e+03
1.101593362187928278e+03
1.101593362187928278e+03
1.101593362187928278e+03
1.101593362187928278e+03
1.101593362187928278e+03
1.101603564310100182e+03
1.101607001171820457e+03
1.101607001171820457e+03
1.101607001171820457e+03
1.101607001171820457e+03
1.101607001171820457e+03
1.101607001171820457e+03
1.101607001171820457e+03
1.101607001171820457e+03
1.101607001171820457e+03
1.101607001171820457e+03
1.101607001171820457e+03
1.101607001171820457e+03
1.101607001171820457e+03
1.101607001171820457e+03
1.101607970221617052e+03
1.101608254432731655e+03
1.101608254432731655e+03
1.101608276205466382e+03
1.101608276205466382e+03
1.101608276205466382e+03
1.101608276205466382e+03
1.101608276205466382e+03
1.101608276205466382e+03
1.101608276205466382e+03
1.101608443209383950e+03
1.101608443209383950e+03
1.101608443209383950e+03
1.101608443209383950e+03
1.101608443209383950e+03
1.101608443209383950e+03
1.101608443209383950e+03
1.101608445363474402e+03
1.101608448384971553e+03
1.101608450139262914e+03
1.101608450139262914e+03
1.101608450139262914e+03
