1.017545678604095315e+03
1.024288872764640701e+03
1.050865047897672866e+03
1.078699135123400765e+03
1.078699135123400765e+03
1.091327751185596298e+03
1.100348697528340836e+03
1.100525827735114035e+03
1.100525973295202675e+03
1.100525973295202675e+03
1.100525973295202675e+03
1.100525973295202675e+03
1.100525973295202675e+03
1.100525973295202675e+03
1.101088735307535217e+03
1.101088735307535217e+03
1.101273409828974536e+03
1.101438106321736541e+03
1.101438106321736541e+03
1.101438106321736541e+03
1.101455040646322914e+03
1.101455040646322914e+03
1.101455040646322914e+03
1.101455040646322914e+03
1.101455040646322914e+03
1.101455040646322914e+03
1.101455040646322914e+03
1.101455040646322914e+03
1.101455040646322914e+03
1.101455040646322914e+03
1.101463178880040914e+03
1.101463178880040914e+03
1.101463178880040914e+03
1.101463178880040914e+03
1.101463178880040914e+03
1.101463178880040914e+03
1.101463178880040914e+03
1.101488364650622543e+03
1.101488364650622543e+03
1.101488364650622543e+03
1.101527360292544472e+03
1.101549317003699343e+03
1.101549317003699343e+03
1.101549317003699343e+03
1.101549317003699343e+03
1.101559472636558667e+03
1.101559472636558667e+03
1.101559472636558667e+03
1.101559472636558667e+03
1.101559472636558667e+03
1.101559472636558667e+03
1.101559472636558667e+03
1.101559472636558667e+03
1.101559472636558667e+03
1.101559472636558667e+03
1.101559472636558667e+03
1.101559472636558667e+03
1.101559472636558667e+03
1.101561258438062623e+03
1.101561258438062623e+03
1.101561258438062623e+03
1.101561258438062623e+03
1.101563614615194865e+03
1.101563614615194865e+03
1.101568281348645769e+03
1.101572235009387214e+03
1.101572439449163539e+03
1.101572439449163539e+03
1.101572439449163539e+03
1.101572439449163539e+03
1.101575781677050600e+03
1.101575781677050600e+03
1.101595189675340634e+03
1.101595189675340634e+03
1.101595189675340634e+03
1.101595189675340634e+03
1.101595189675340634e+03
1.101595189675340634e+03
1.101595189675340634e+03
1.101595189675340634e+03
1.101595189675340634e+03
1.101595189675340634e+03
1.101595189675340634e+03
1.101601639837904031e+03
1.101601639837904031e+03
1.101601639837904031e+03
1.101601639837904031e+03
1.101601639837904031e+03
1.101601639837904031e+03
1.101601639837904031e+03
1.101601639837904031e+03
1.101601639837904031e+03
1.101601639837904031e+03
1.101606409695563343e+03
1.101606409695563343e+03
1.101606409695563343e+03
1.101607016394292032e+03
1.101608124972879068e+03
1.101608124972879068e+03
1.101608124972879068e+03
1.101608124972879068e+03
