1.084995531125502112e+03
1.084995531125502112e+03
1.100411997681538651e+03
1.100443463793604678e+03
1.100443463793604678e+03
1.100513803768936896e+03
1.100513803768936896e+03
1.100513803768936896e+03
1.100513803768936896e+03
1.100605473461984957e+03
1.101164724723221980e+03
1.101164724723221980e+03
1.101164724723221980e+03
1.101164724723221980e+03
1.101164724723221980e+03
1.101164724723221980e+03
1.101164724723221980e+03
1.101164724723221980e+03
1.101402956206552972e+03
1.101402956206552972e+03
1.101402956206552972e+03
1.101402956206552972e+03
1.101402956206552972e+03
1.101402956206552972e+03
1.101402956206552972e+03
1.101402956206552972e+03
1.101402956206552972e+03
1.101402956206552972e+03
1.101402956206552972e+03
1.101445491409671376e+03
1.101445491409671376e+03
1.101485706564435077e+03
1.101485706564435077e+03
1.101485706564435077e+03
1.101485706564435077e+03
1.101485706564435077e+03
1.101485706564435077e+03
1.101485706564435077e+03
1.101485706564435077e+03
1.101485706564435077e+03
1.101485706564435077e+03
1.101485706564435077e+03
1.101485706564435077e+03
1.101485706564435077e+03
1.101485706564435077e+03
1.101485706564435077e+03
1.101485706564435077e+03
1.101505979396664998e+03
1.101505979396664998e+03
1.101505979396664998e+03
1.101518058562945953e+03
1.101518058562945953e+03
1.101518058562945953e+03
1.101518058562945953e+03
1.101518058562945953e+03
1.101518058562945953e+03
1.101525525968645525e+03
1.101525525968645525e+03
1.101525525968645525e+03
1.101525525968645525e+03
1.101565649267538902e+03
1.101575729785468639e+03
1.101590989856116266e+03
1.101590989856116266e+03
1.101590989856116266e+03
1.101590989856116266e+03
1.101590989856116266e+03
1.101591890269268333e+03
1.101593068612011393e+03
1.101593068612011393e+03
1.101593068612011393e+03
1.101593134091444426e+03
1.101593134091444426e+03
1.101594120719892771e+03
1.101594120719892771e+03
1.101597603901745515e+03
1.101602975829778643e+03
1.101602975829778643e+03
1.101602975829778643e+03
1.101602986698578661e+03
1.101602986698578661e+03
1.101607308512396685e+03
1.101607308512396685e+03
1.101607308512396685e+03
1.101607308512396685e+03
1.101607870207765927e+03
1.101607870207765927e+03
1.101607870207765927e+03
1.101607870207765927e+03
1.101608057406295075e+03
1.101608057406295075e+03
1.101608176263464429e+03
1.101608176263464429e+03
1.101608176263464429e+03
1.101608248670462217e+03
1.101608248670462217e+03
1.101608248670462217e+03
1.101608248670462217e+03
1.101608248670462217e+03
1.101608248670462217e+03
1.101608248670462217e+03
