9.913811466741614140e+02
1.028375556226869321e+03
1.081734908772045173e+03
1.099473522419715437e+03
1.099473522419715437e+03
1.099473522419715437e+03
1.099473522419715437e+03
1.100017071162828188e+03
1.100017071162828188e+03
1.100017071162828188e+03
1.100073876495499462e+03
1.100073876495499462e+03
1.100073876495499462e+03
1.100073876495499462e+03
1.100073876495499462e+03
1.100073876495499462e+03
1.100073891581929502e+03
1.100294702707347824e+03
1.100294702707347824e+03
1.100551544253522707e+03
1.101360003517813311e+03
1.101360003517813311e+03
1.101360003517813311e+03
1.101360003517813311e+03
1.101360003517813311e+03
1.101360003517813311e+03
1.101360003517813311e+03
1.101360003517813311e+03
1.101360003517813311e+03
1.101416516919985952e+03
1.101416516919985952e+03
1.101416516919985952e+03
1.101416516919985952e+03
1.101416516919985952e+03
1.101416516919985952e+03
1.101416516919985952e+03
1.101416516919985952e+03
1.101427519777826546e+03
1.101527367359975187e+03
1.101527367359975187e+03
1.101558362949980165e+03
1.101580236204370976e+03
1.101580236204370976e+03
1.101580236204370976e+03
1.101592580720290698e+03
1.101592580720290698e+03
1.101592580720290698e+03
1.101592580720290698e+03
1.101592580720290698e+03
1.101592580720290698e+03
1.101592580720290698e+03
1.101592580720290698e+03
1.101598266517905813e+03
1.101602057779969755e+03
1.101602057779969755e+03
1.101602057779969755e+03
1.101604752223675405e+03
1.101604752223675405e+03
1.101604752223675405e+03
1.101604752223675405e+03
1.101604752223675405e+03
1.101604752223675405e+03
1.101604752223675405e+03
1.101604752223675405e+03
1.101604752223675405e+03
1.101604928506062606e+03
1.101604928506062606e+03
1.101604928506062606e+03
1.101604928506062606e+03
1.101604928506062606e+03
1.101605981658788323e+03
1.101605981658788323e+03
1.101606480718374996e+03
1.101606480718374996e+03
1.101606480718374996e+03
1.101606480718374996e+03
1.101606482030077814e+03
1.101606482030077814e+03
1.101607033787190403e+03
1.101607033787190403e+03
1.101607033787190403e+03
1.101607033787190403e+03
1.101607033787190403e+03
1.101607049652524211e+03
1.101607049652524211e+03
1.101607049652524211e+03
1.101607049652524211e+03
1.101607049652524211e+03
1.101607049652524211e+03
1.101607336280799245e+03
1.101607336280799245e+03
1.101607340574253385e+03
1.101607345859129509e+03
1.101607345859129509e+03
1.101607345859129509e+03
1.101607345859129509e+03
1.101607345859129509e+03
1.101607345859129509e+03
1.101607345859129509e+03
1.101607345859129509e+03
1.101607591534079802e+03
