1.020936118921135403e+03
1.040669731135911888e+03
1.040766613768693105e+03
1.073124920109686173e+03
1.098416901151606908e+03
1.098416901151606908e+03
1.098489461738102818e+03
1.098489461738102818e+03
1.100224479735638170e+03
1.100344544648627107e+03
1.100344544648627107e+03
1.100519059586898948e+03
1.100519059586898948e+03
1.100702940549270807e+03
1.100702940549270807e+03
1.100702940549270807e+03
1.100702940549270807e+03
1.100702940549270807e+03
1.100702940549270807e+03
1.100702940549270807e+03
1.100702940549270807e+03
1.101204791363406230e+03
1.101299763235394039e+03
1.101299763235394039e+03
1.101299763235394039e+03
1.101299763235394039e+03
1.101299763235394039e+03
1.101299763235394039e+03
1.101332650448216100e+03
1.101332650448216100e+03
1.101332650448216100e+03
1.101332650448216100e+03
1.101332650448216100e+03
1.101332650448216100e+03
1.101400808475602389e+03
1.101400808475602389e+03
1.101400808475602389e+03
1.101410845580429395e+03
1.101410845580429395e+03
1.101443769312362974e+03
1.101443769312362974e+03
1.101443769312362974e+03
1.101443769312362974e+03
1.101443769312362974e+03
1.101460293515400281e+03
1.101467461847225650e+03
1.101468340816681120e+03
1.101468340816681120e+03
1.101468340816681120e+03
1.101468340816681120e+03
1.101468340816681120e+03
1.101468340816681120e+03
1.101468340816681120e+03
1.101481323059348824e+03
1.101481323059348824e+03
1.101489039508335509e+03
1.101496384189828859e+03
1.101504151595419444e+03
1.101528976955785993e+03
1.101537087620839202e+03
1.101537087620839202e+03
1.101537087620839202e+03
1.101541573560990400e+03
1.101541573560990400e+03
1.101541573560990400e+03
1.101541573560990400e+03
1.101555864429693884e+03
1.101565349248862958e+03
1.101565349248862958e+03
1.101565349248862958e+03
1.101578439858414185e+03
1.101578439858414185e+03
1.101584104353692055e+03
1.101588471901894081e+03
1.101595276218943582e+03
1.101595276218943582e+03
1.101595276218943582e+03
1.101597067291794929e+03
1.101597067291794929e+03
1.101597067291794929e+03
1.101597067291794929e+03
1.101602204392145040e+03
1.101602450415532530e+03
1.101602450415532530e+03
1.101602450415532530e+03
1.101602988746509254e+03
1.101602988746509254e+03
1.101603307170549897e+03
1.101603307170549897e+03
1.101603307170549897e+03
1.101603307170549897e+03
1.101603307170549897e+03
1.101603307170549897e+03
1.101603307170549897e+03
1.101603307170549897e+03
1.101603307170549897e+03
1.101603307170549897e+03
1.101603307170549897e+03
1.101603307170549897e+03
1.101603307170549897e+03
1.101603307170549897e+03
