9.743666773044042202e+02
9.992698109645779141e+02
1.052508938109057453e+03
1.080530215918222439e+03
1.080530215918222439e+03
1.099259022732179574e+03
1.099259022732179574e+03
1.099259022732179574e+03
1.099279095702993573e+03
1.099794951080614510e+03
1.099794951080614510e+03
1.099794951080614510e+03
1.099794951080614510e+03
1.100478320498034464e+03
1.101253235705453108e+03
1.101456388276255439e+03
1.101456388276255439e+03
1.101456388276255439e+03
1.101456388276255439e+03
1.101456388276255439e+03
1.101456388276255439e+03
1.101456388276255439e+03
1.101456388276255439e+03
1.101456388276255439e+03
1.101456388276255439e+03
1.101456388276255439e+03
1.101456388276255439e+03
1.101456388276255439e+03
1.101456388276255439e+03
1.101456388276255439e+03
1.101456388276255439e+03
1.101456388276255439e+03
1.101456388276255439e+03
1.101459663968644236e+03
1.101464970905220980e+03
1.101464970905220980e+03
1.101464970905220980e+03
1.101464970905220980e+03
1.101464970905220980e+03
1.101464970905220980e+03
1.101528568760525332e+03
1.101553275909239801e+03
1.101553275909239801e+03
1.101553275909239801e+03
1.101553275909239801e+03
1.101559216071746960e+03
1.101559216071746960e+03
1.101580930421136600e+03
1.101580930421136600e+03
1.101580930421136600e+03
1.101580930421136600e+03
1.101580930421136600e+03
1.101583193521818430e+03
1.101583193521818430e+03
1.101583193521818430e+03
1.101583193521818430e+03
1.101583193521818430e+03
1.101583193521818430e+03
1.101583193521818430e+03
1.101583193521818430e+03
1.101594841343383905e+03
1.101594841343383905e+03
1.101594841343383905e+03
1.101594841343383905e+03
1.101605795226981854e+03
1.101605847945025744e+03
1.101605847945025744e+03
1.101605847945025744e+03
1.101607630001819871e+03
1.101607630001819871e+03
1.101607630001819871e+03
1.101607760191745001e+03
1.101607760191745001e+03
1.101607760191745001e+03
1.101607760191745001e+03
1.101607760191745001e+03
1.101608338245069262e+03
1.101608338245069262e+03
1.101608413695426862e+03
1.101608413695426862e+03
1.101608413695426862e+03
1.101608413695426862e+03
1.101608413695426862e+03
1.101608413695426862e+03
1.101608413695426862e+03
1.101608449048659168e+03
1.101608449331625252e+03
1.101608449331625252e+03
1.101608449331625252e+03
1.101608449331625252e+03
1.101608465663613742e+03
1.101608465663613742e+03
1.101608465663613742e+03
1.101608465663613742e+03
1.101608465663613742e+03
1.101608465663613742e+03
1.101608465663613742e+03
1.101608465663613742e+03
1.101608465663613742e+03
1.101608465663613742e+03
1.101608465663613742e+03
