1.023520127230631033e+03
1.033124007129302299e+03
1.033124007129302299e+03
1.080347584747141354e+03
1.099471608764253233e+03
1.099471608764253233e+03
1.099649456609818344e+03
1.099649456609818344e+03
1.099649456609818344e+03
1.099649456609818344e+03
1.100301807362859563e+03
1.100541413877764398e+03
1.100541450388875091e+03
1.100690698163248044e+03
1.101359510576399089e+03
1.101359510576399089e+03
1.101359510576399089e+03
1.101359510576399089e+03
1.101359510576399089e+03
1.101359510576399089e+03
1.101359510576399089e+03
1.101359510576399089e+03
1.101359510576399089e+03
1.101359510576399089e+03
1.101417624495536529e+03
1.101417624495536529e+03
1.101417624495536529e+03
1.101417624495536529e+03
1.101417624495536529e+03
1.101417624495536529e+03
1.101417624495536529e+03
1.101417624495536529e+03
1.101417624495536529e+03
1.101417624495536529e+03
1.101417624495536529e+03
1.101417624495536529e+03
1.101417624495536529e+03
1.101507489755618053e+03
1.101507489755618053e+03
1.101507489755618053e+03
1.101507489755618053e+03
1.101507489755618053e+03
1.101507489755618053e+03
1.101507489755618053e+03
1.101507489755618053e+03
1.101507489755618053e+03
1.101507489755618053e+03
1.101507489755618053e+03
1.101507489755618053e+03
1.101507489755618053e+03
1.101507489755618053e+03
1.101559755034992349e+03
1.101559755034992349e+03
1.101559755034992349e+03
1.101559755034992349e+03
1.101562139930326794e+03
1.101562139930326794e+03
1.101562139930326794e+03
1.101562139930326794e+03
1.101564296699962370e+03
1.101564296699962370e+03
1.101564296699962370e+03
1.101564296699962370e+03
1.101564296699962370e+03
1.101564296699962370e+03
1.101569214881562175e+03
1.101584060647814340e+03
1.101584060647814340e+03
1.101584060647814340e+03
1.101584060647814340e+03
1.101584060647814340e+03
1.101584840118137208e+03
1.101584840118137208e+03
1.101584840118137208e+03
1.101587170218742585e+03
1.101587170218742585e+03
1.101587170218742585e+03
1.101587380015269900e+03
1.101587380015269900e+03
1.101587380015269900e+03
1.101598630413567207e+03
1.101600479748277394e+03
1.101601200377720488e+03
1.101607387539296496e+03
1.101607387539296496e+03
1.101607387539296496e+03
1.101608169085873442e+03
1.101608169085873442e+03
1.101608208618036315e+03
1.101608208618036315e+03
1.101608293505647453e+03
1.101608293505647453e+03
1.101608293505647453e+03
1.101608293505647453e+03
1.101608296345977351e+03
1.101608296345977351e+03
1.101608296345977351e+03
1.101608296345977351e+03
1.101608296345977351e+03
1.101608313570878181e+03
1.101608313570878181e+03
