9.855078723260049856e+02
1.040198042451400397e+03
1.043350209522824343e+03
1.043350209522824343e+03
1.061534170761141695e+03
1.081749888187184752e+03
1.091996363170326504e+03
1.091996363170326504e+03
1.091996363170326504e+03
1.100372337598065769e+03
1.100594726348345603e+03
1.100666806205213788e+03
1.100666806205213788e+03
1.100666806205213788e+03
1.101039248979805507e+03
1.101054649006222235e+03
1.101054649006222235e+03
1.101054649006222235e+03
1.101054649006222235e+03
1.101054649006222235e+03
1.101054649006222235e+03
1.101054649006222235e+03
1.101131043471505564e+03
1.101131043471505564e+03
1.101131043471505564e+03
1.101131043471505564e+03
1.101187121645315756e+03
1.101271187502298972e+03
1.101307807367720443e+03
1.101307807367720443e+03
1.101307807367720443e+03
1.101449196076792759e+03
1.101449196076792759e+03
1.101465555893696319e+03
1.101465555893696319e+03
1.101465555893696319e+03
1.101465555893696319e+03
1.101465555893696319e+03
1.101465555893696319e+03
1.101465555893696319e+03
1.101465555893696319e+03
1.101465555893696319e+03
1.101465555893696319e+03
1.101488212119579657e+03
1.101488212119579657e+03
1.101510823507076339e+03
1.101510823507076339e+03
1.101510823507076339e+03
1.101520833933000631e+03
1.101531737913347115e+03
1.101531737913347115e+03
1.101531737913347115e+03
1.101531737913347115e+03
1.101563425655627952e+03
1.101567522245416740e+03
1.101567522245416740e+03
1.101570231722533208e+03
1.101570231722533208e+03
1.101570231722533208e+03
1.101573059028222815e+03
1.101573059028222815e+03
1.101573059028222815e+03
1.101573059028222815e+03
1.101573059028222815e+03
1.101573059028222815e+03
1.101576281968732701e+03
1.101578708491290627e+03
1.101578708491290627e+03
1.101580768827356451e+03
1.101580768827356451e+03
1.101580768827356451e+03
1.101580768827356451e+03
1.101580768827356451e+03
1.101580768827356451e+03
1.101580881859661986e+03
1.101580881859661986e+03
1.101583060703566844e+03
1.101583060703566844e+03
1.101583060703566844e+03
1.101595009275275743e+03
1.101595009275275743e+03
1.101595162931192363e+03
1.101596485581857905e+03
1.101596485581857905e+03
1.101596485581857905e+03
1.101596485581857905e+03
1.101596485581857905e+03
1.101596485581857905e+03
1.101597344652137508e+03
1.101599935913243598e+03
1.101599935913243598e+03
1.101599935913243598e+03
1.101599935913243598e+03
1.101600674823434701e+03
1.101600674823434701e+03
1.101600674823434701e+03
1.101600674823434701e+03
1.101600674823434701e+03
1.101600674823434701e+03
1.101600674823434701e+03
1.101600674823434701e+03
