1.084995531125502112e+03
1.084995531125502112e+03
1.100411997681538651e+03
1.100443463793604678e+03
1.100443463793604678e+03
1.100513803768936896e+03
1.100513803768936896e+03
1.100513803768936896e+03
1.100513803768936896e+03
1.100605473461984957e+03
1.101164724723221980e+03
1.101164724723221980e+03
1.101164724723221980e+03
1.101164724723221980e+03
1.101164724723221980e+03
1.101458425429259250e+03
1.101458425429259250e+03
1.101458425429259250e+03
1.101458425429259250e+03
1.101458425429259250e+03
1.101458425429259250e+03
1.101458425429259250e+03
1.101458425429259250e+03
1.101458425429259250e+03
1.101458425429259250e+03
1.101458425429259250e+03
1.101458425429259250e+03
1.101458425429259250e+03
1.101458425429259250e+03
1.101458425429259250e+03
1.101458425429259250e+03
1.101458604496467842e+03
1.101458604496467842e+03
1.101458604496467842e+03
1.101458604496467842e+03
1.101532007931920134e+03
1.101532007931920134e+03
1.101532007931920134e+03
1.101532007931920134e+03
1.101532007931920134e+03
1.101532007931920134e+03
1.101532007931920134e+03
1.101532007931920134e+03
1.101532007931920134e+03
1.101532007931920134e+03
1.101532007931920134e+03
1.101541949209488621e+03
1.101541949209488621e+03
1.101541949209488621e+03
1.101542158909294358e+03
1.101542158909294358e+03
1.101542158909294358e+03
1.101558525896327637e+03
1.101558525896327637e+03
1.101581167876947347e+03
1.101589460422478851e+03
1.101589460422478851e+03
1.101594471824078482e+03
1.101594471824078482e+03
1.101594471824078482e+03
1.101594471824078482e+03
1.101594471824078482e+03
1.101605737526078201e+03
1.101605737526078201e+03
1.101605737526078201e+03
1.101605737526078201e+03
1.101605737526078201e+03
1.101605737526078201e+03
1.101605737526078201e+03
1.101606366706354720e+03
1.101606366706354720e+03
1.101606366706354720e+03
1.101606366706354720e+03
1.101606366706354720e+03
1.101606366706354720e+03
1.101606366706354720e+03
1.101607289331245511e+03
1.101607289331245511e+03
1.101607289331245511e+03
1.101607289331245511e+03
1.101607289331245511e+03
1.101607289331245511e+03
1.101607289331245511e+03
1.101607289331245511e+03
1.101607289331245511e+03
1.101607289331245511e+03
1.101607289331245511e+03
1.101607441993610564e+03
1.101607441993610564e+03
1.101607441993610564e+03
1.101607441993610564e+03
1.101607441993610564e+03
1.101607441993610564e+03
1.101607441993610564e+03
1.101607441993610564e+03
1.101607441993610564e+03
1.101607441993610564e+03
1.101607441993610564e+03
1.101607445251311447e+03
1.101607445251311447e+03
1.101607445251311447e+03
