1.023520127230631033e+03
1.033124007129302299e+03
1.033124007129302299e+03
1.080347584747141354e+03
1.099471608764253233e+03
1.099471608764253233e+03
1.099649456609818344e+03
1.099649456609818344e+03
1.099649456609818344e+03
1.099649456609818344e+03
1.100301807362859563e+03
1.100541413877764398e+03
1.100541450388875091e+03
1.100690699389928795e+03
1.100690699389928795e+03
1.101359511803079613e+03
1.101359511803079613e+03
1.101359511803079613e+03
1.101432128806141691e+03
1.101432128806141691e+03
1.101432128806141691e+03
1.101432128806141691e+03
1.101432128806141691e+03
1.101432128806141691e+03
1.101432128806141691e+03
1.101432128806141691e+03
1.101432128806141691e+03
1.101432128806141691e+03
1.101432128806141691e+03
1.101432128806141691e+03
1.101460325020740129e+03
1.101460325020740129e+03
1.101502164225181559e+03
1.101502164225181559e+03
1.101502164225181559e+03
1.101502164225181559e+03
1.101502164225181559e+03
1.101502164225181559e+03
1.101542160832096442e+03
1.101542160832096442e+03
1.101542160832096442e+03
1.101571902638135271e+03
1.101571902638135271e+03
1.101571902638135271e+03
1.101571902638135271e+03
1.101571902638135271e+03
1.101571902638135271e+03
1.101571902638135271e+03
1.101571902638135271e+03
1.101571902638135271e+03
1.101571902638135271e+03
1.101574468332052902e+03
1.101574468332052902e+03
1.101587278960223557e+03
1.101587278960223557e+03
1.101587278960223557e+03
1.101587278960223557e+03
1.101587278960223557e+03
1.101587278960223557e+03
1.101587278960223557e+03
1.101588606317478934e+03
1.101588606317478934e+03
1.101588606317478934e+03
1.101588606317478934e+03
1.101588606317478934e+03
1.101588606317478934e+03
1.101588606317478934e+03
1.101588606317478934e+03
1.101594400868188359e+03
1.101597180646931520e+03
1.101597180646931520e+03
1.101597180646931520e+03
1.101597180646931520e+03
1.101599738422759401e+03
1.101599738422759401e+03
1.101599738422759401e+03
1.101599738422759401e+03
1.101599989120469218e+03
1.101600722188122745e+03
1.101600722188122745e+03
1.101600722188122745e+03
1.101600722188122745e+03
1.101600722188122745e+03
1.101604222056711251e+03
1.101604222056711251e+03
1.101604222056711251e+03
1.101604222056711251e+03
1.101604222056711251e+03
1.101605142323134714e+03
1.101605142323134714e+03
1.101606510701241177e+03
1.101606510701241177e+03
1.101606510701241177e+03
1.101606510701241177e+03
1.101606510701241177e+03
1.101606510701241177e+03
1.101606677781140206e+03
1.101606677781140206e+03
1.101606677781140206e+03
1.101606677781140206e+03
1.101606677781140206e+03
