1.042433017168689275e+03
1.049010825374109118e+03
1.049010825374109118e+03
1.064690022401474380e+03
1.072140725931517181e+03
1.072140725931517181e+03
1.072140725931517181e+03
1.093826333113202736e+03
1.099138379636022819e+03
1.101138900002074706e+03
1.101445402421986728e+03
1.101445402421986728e+03
1.101445402421986728e+03
1.101445402421986728e+03
1.101445402421986728e+03
1.101445402421986728e+03
1.101445402421986728e+03
1.101445402421986728e+03
1.101445402421986728e+03
1.101445402421986728e+03
1.101445424951264840e+03
1.101445424951264840e+03
1.101445505719632820e+03
1.101445505719632820e+03
1.101445505719632820e+03
1.101445505719632820e+03
1.101445505719632820e+03
1.101445505719632820e+03
1.101445505719632820e+03
1.101445505719632820e+03
1.101445505719632820e+03
1.101466663673916173e+03
1.101466663673916173e+03
1.101466663673916173e+03
1.101466663673916173e+03
1.101466663673916173e+03
1.101466663673916173e+03
1.101466663673916173e+03
1.101466663673916173e+03
1.101510919838318387e+03
1.101547946196947350e+03
1.101547946196947350e+03
1.101569062582070046e+03
1.101569062582070046e+03
1.101569062582070046e+03
1.101569062582070046e+03
1.101569062582070046e+03
1.101577925540241722e+03
1.101577925540241722e+03
1.101577925540241722e+03
1.101577925540241722e+03
1.101577925540241722e+03
1.101577925540241722e+03
1.101577925540241722e+03
1.101577925540241722e+03
1.101590063767236870e+03
1.101590063767236870e+03
1.101590063767236870e+03
1.101590063767236870e+03
1.101590063767236870e+03
1.101590063767236870e+03
1.101590063767236870e+03
1.101590133218936444e+03
1.101590133218936444e+03
1.101590133218936444e+03
1.101590133218936444e+03
1.101590133218936444e+03
1.101590133218936444e+03
1.101590133218936444e+03
1.101590133218936444e+03
1.101590133218936444e+03
1.101590133218936444e+03
1.101593152985678671e+03
1.101593152985678671e+03
1.101594217933200753e+03
1.101594217933200753e+03
1.101597571318277460e+03
1.101597571318277460e+03
1.101597571318277460e+03
1.101597571318277460e+03
1.101598030760387246e+03
1.101598030760387246e+03
1.101598030760387246e+03
1.101598030760387246e+03
1.101602464038636981e+03
1.101604063975370309e+03
1.101604063975370309e+03
1.101604063975370309e+03
1.101604063975370309e+03
1.101604063975370309e+03
1.101604880497974591e+03
1.101604880497974591e+03
1.101604880497974591e+03
1.101604880497974591e+03
1.101605845529958287e+03
1.101605845529958287e+03
1.101606490783702611e+03
1.101606490783702611e+03
1.101606490783702611e+03
1.101607477467255421e+03
1.101607572244567109e+03
