1.394913706575846106e+02
1.394913706575846106e+02
1.421776816083963411e+02
1.477912417272647190e+02
1.477912417272647190e+02
1.627902561745970047e+02
1.810439975528360605e+02
1.912783464861663560e+02
1.986705280993313352e+02
2.021082224227062056e+02
2.082310627101889224e+02
2.082310627101889224e+02
2.101673521541425487e+02
2.118985394466425873e+02
2.131858911325083739e+02
2.158513095921816785e+02
2.158513095921816785e+02
2.167455357533843880e+02
2.171701272817377912e+02
2.171701272817377912e+02
2.202236529696562570e+02
2.202236529696562570e+02
2.202236529696562570e+02
2.202236529696562570e+02
2.202236529696562570e+02
2.239186481523317411e+02
2.239186481523317411e+02
2.239186481523317411e+02
2.239186481523317411e+02
2.239186481523317411e+02
2.239186481523317411e+02
2.239186481523317411e+02
2.239186481523317411e+02
2.239186481523317411e+02
2.239186481523317411e+02
2.239186481523317411e+02
2.239186481523317411e+02
2.239186481523317411e+02
2.239186481523317411e+02
2.239186481523317411e+02
2.239186481523317411e+02
2.239186481523317411e+02
2.239186481523317411e+02
2.239186481523317411e+02
2.239186481523317411e+02
2.239186481523317411e+02
2.239186481523317411e+02
2.239186481523317411e+02
2.239186481523317411e+02
2.239186481523317411e+02
2.239186481523317411e+02
