1.369346801478761790e+02
1.397354792319819410e+02
1.397354792319819410e+02
1.572667614389272330e+02
1.690641584969324072e+02
1.690641584969324072e+02
1.694959249745123770e+02
1.694959249745123770e+02
1.793785541268453017e+02
1.929713855169041494e+02
2.089011046848592059e+02
2.145714601391173915e+02
2.145714601391173915e+02
2.180668914961615883e+02
2.211429198184330289e+02
2.211429198184330289e+02
2.211429198184330289e+02
2.226419324158241579e+02
2.226419324158241579e+02
2.233727069008915009e+02
2.233727069008915009e+02
2.233727069008915009e+02
2.233727069008915009e+02
2.233727069008915009e+02
2.233727069008915009e+02
2.233727069008915009e+02
2.242649115248998157e+02
2.242649115248998157e+02
2.242649115248998157e+02
2.242649115248998157e+02
2.242649115248998157e+02
2.242649115248998157e+02
2.242649115248998157e+02
2.242649115248998157e+02
2.242649115248998157e+02
2.242649115248998157e+02
2.242649115248998157e+02
2.242649115248998157e+02
2.242649115248998157e+02
2.242649115248998157e+02
2.242649115248998157e+02
2.242649115248998157e+02
2.242649115248998157e+02
2.242649115248998157e+02
2.242649115248998157e+02
2.242649115248998157e+02
2.242649115248998157e+02
2.242649115248998157e+02
2.242649115248998157e+02
2.242649115248998157e+02
2.242649115248998157e+02
