1.340666702657484279e+02
1.359513963880976064e+02
1.359513963880976064e+02
1.453250512957808667e+02
1.553318554502146469e+02
1.578989985077716938e+02
1.658666018077299782e+02
1.845090300667635006e+02
1.996342192555061104e+02
1.997160939024998356e+02
2.081318708028741753e+02
2.115625070170629556e+02
2.115625070170629556e+02
2.115625070170629556e+02
2.120665665031115736e+02
2.141989580461681726e+02
2.160491843587413996e+02
2.160491843587413996e+02
2.168557754494593439e+02
2.205526863517688696e+02
2.205526863517688696e+02
2.206375153059407808e+02
2.206375153059407808e+02
2.206375153059407808e+02
2.206375153059407808e+02
2.206375153059407808e+02
2.206375153059407808e+02
2.206375153059407808e+02
2.206375153059407808e+02
2.242649115248998157e+02
2.242649115248998157e+02
2.242649115248998157e+02
2.242649115248998157e+02
2.242649115248998157e+02
2.242649115248998157e+02
2.242649115248998157e+02
2.242649115248998157e+02
2.242649115248998157e+02
2.242649115248998157e+02
2.242649115248998157e+02
2.242649115248998157e+02
2.242649115248998157e+02
2.242649115248998157e+02
2.242649115248998157e+02
2.242649115248998157e+02
2.242649115248998157e+02
2.242649115248998157e+02
2.242649115248998157e+02
2.242649115248998157e+02
2.242649115248998157e+02
2.242649115248998157e+02
