1.369346801478761790e+02
1.393913762324588674e+02
1.393913762324588674e+02
1.449460112748436700e+02
1.618410750609767206e+02
1.693231781431070999e+02
1.693231781431070999e+02
1.804661766509724998e+02
1.926696461986049655e+02
2.014470104361536187e+02
2.014470104361536187e+02
2.014470104361536187e+02
2.145844219464432854e+02
2.145844219464432854e+02
2.172495411709902271e+02
2.172495411709902271e+02
2.172495411709902271e+02
2.207887134501491460e+02
2.207887134501491460e+02
2.207887134501491460e+02
2.207887134501491460e+02
2.207887134501491460e+02
2.222929477735596038e+02
2.222929477735596038e+02
2.222929477735596038e+02
2.222929477735596038e+02
2.222929477735596038e+02
2.222929477735596038e+02
2.222929477735596038e+02
2.222929477735596038e+02
2.222929477735596038e+02
2.222929477735596038e+02
2.240955089618145166e+02
2.240955089618145166e+02
2.240955089618145166e+02
2.240955089618145166e+02
2.240955089618145166e+02
2.240955089618145166e+02
2.240955089618145166e+02
2.240955089618145166e+02
2.240955089618145166e+02
2.240955089618145166e+02
2.240955089618145166e+02
2.240955089618145166e+02
2.240955089618145166e+02
2.240955089618145166e+02
2.240955089618145166e+02
2.240955089618145166e+02
2.240955089618145166e+02
2.240955089618145166e+02
2.240955089618145166e+02
