1.384052858088999187e+02
1.384052858088999187e+02
1.456713832078997086e+02
1.715747271438102359e+02
1.912115932096911308e+02
1.945537361717867668e+02
2.011161112673869411e+02
2.011161112673869411e+02
2.071781926675559760e+02
2.090624324640832015e+02
2.103660113048952098e+02
2.103660113048952098e+02
2.117927885640866066e+02
2.117927885640866066e+02
2.117927885640866066e+02
2.117927885640866066e+02
2.129264998137151679e+02
2.134005562008604784e+02
2.134005562008604784e+02
2.151231245362533002e+02
2.168529057169270402e+02
2.168529057169270402e+02
2.168529057169270402e+02
2.177153295592113125e+02
2.183572916487636633e+02
2.183572916487636633e+02
2.183572916487636633e+02
2.183572916487636633e+02
2.183572916487636633e+02
2.200453517216008095e+02
2.242649115248998157e+02
2.242649115248998157e+02
2.242649115248998157e+02
2.242649115248998157e+02
2.242649115248998157e+02
2.242649115248998157e+02
2.242649115248998157e+02
2.242649115248998157e+02
2.242649115248998157e+02
2.242649115248998157e+02
2.242649115248998157e+02
2.242649115248998157e+02
2.242649115248998157e+02
2.242649115248998157e+02
2.242649115248998157e+02
2.242649115248998157e+02
2.242649115248998157e+02
2.242649115248998157e+02
2.242649115248998157e+02
2.242649115248998157e+02
2.242649115248998157e+02
