1.435869914111506205e+02
1.438071898703726390e+02
1.576389854900296541e+02
1.639377872217895060e+02
1.644381171087559323e+02
1.700554433935378142e+02
1.750206927555161087e+02
1.817013488060686939e+02
1.831370530633282385e+02
1.875556571897663503e+02
2.036124220066264456e+02
2.113943432249565717e+02
2.113943432249565717e+02
2.118459101203696378e+02
2.126310591087827220e+02
2.147299382977849973e+02
2.206465272808773364e+02
2.206465272808773364e+02
2.206465272808773364e+02
2.206465272808773364e+02
2.206465272808773364e+02
2.218812313873123117e+02
2.218812313873123117e+02
2.242649115248998157e+02
2.242649115248998157e+02
2.242649115248998157e+02
2.242649115248998157e+02
2.242649115248998157e+02
2.242649115248998157e+02
2.242649115248998157e+02
2.242649115248998157e+02
2.242649115248998157e+02
2.242649115248998157e+02
2.242649115248998157e+02
2.242649115248998157e+02
2.242649115248998157e+02
2.242649115248998157e+02
2.242649115248998157e+02
2.242649115248998157e+02
2.242649115248998157e+02
2.242649115248998157e+02
2.242649115248998157e+02
2.242649115248998157e+02
2.242649115248998157e+02
2.242649115248998157e+02
2.242649115248998157e+02
2.242649115248998157e+02
2.242649115248998157e+02
2.242649115248998157e+02
2.242649115248998157e+02
2.242649115248998157e+02
