1.372164955706587364e+02
1.375321840519862633e+02
1.546614955828873406e+02
1.596408562627586321e+02
1.753811129080095839e+02
1.890987526445029232e+02
1.931130224847199486e+02
1.931130224847199486e+02
1.982648964341096871e+02
2.029937652038536839e+02
2.060463131110803943e+02
2.061867764032898833e+02
2.078003758020956582e+02
2.083746228861976704e+02
2.099050910434982598e+02
2.113079678639604140e+02
2.114830873339610946e+02
2.114830873339610946e+02
2.133726257628817962e+02
2.177392598947014903e+02
2.185615658621229329e+02
2.204564411589205974e+02
2.204564411589205974e+02
2.204564411589205974e+02
2.204564411589205974e+02
2.204564411589205974e+02
2.206278781205784014e+02
2.206278781205784014e+02
2.206278781205784014e+02
2.242649115248998157e+02
2.242649115248998157e+02
2.242649115248998157e+02
2.242649115248998157e+02
2.242649115248998157e+02
2.242649115248998157e+02
2.242649115248998157e+02
2.242649115248998157e+02
2.242649115248998157e+02
2.242649115248998157e+02
2.242649115248998157e+02
2.242649115248998157e+02
2.242649115248998157e+02
2.242649115248998157e+02
2.242649115248998157e+02
2.242649115248998157e+02
2.242649115248998157e+02
2.242649115248998157e+02
2.242649115248998157e+02
2.242649115248998157e+02
2.242649115248998157e+02
2.242649115248998157e+02
