1.222619592030348343e+02
1.268273132457212284e+02
1.268273132457212284e+02
1.269402207601278434e+02
1.482393084233929699e+02
1.495063776524670232e+02
1.527493516803750424e+02
1.611303470377984866e+02
1.627158387131154313e+02
1.676714182969911064e+02
1.676714182969911064e+02
1.676714182969911064e+02
1.893311822379868659e+02
2.075386219398689605e+02
2.088186669346472115e+02
2.098161783520185963e+02
2.101917854966509651e+02
2.124917059952104239e+02
2.124917059952104239e+02
2.149332107098797167e+02
2.162858853365481195e+02
2.178997319864804467e+02
2.193705714794934067e+02
2.193705714794934067e+02
2.193705714794934067e+02
2.193705714794934067e+02
2.193705714794934067e+02
2.193705714794934067e+02
2.205554971460821321e+02
2.205554971460821321e+02
2.205554971460821321e+02
2.205554971460821321e+02
2.205554971460821321e+02
2.242649115248998157e+02
2.242649115248998157e+02
2.242649115248998157e+02
2.242649115248998157e+02
2.242649115248998157e+02
2.242649115248998157e+02
2.242649115248998157e+02
2.242649115248998157e+02
2.242649115248998157e+02
2.242649115248998157e+02
2.242649115248998157e+02
2.242649115248998157e+02
2.242649115248998157e+02
2.242649115248998157e+02
2.242649115248998157e+02
2.242649115248998157e+02
2.242649115248998157e+02
2.242649115248998157e+02
