1.372164955706587364e+02
1.375048808625934669e+02
1.553306483423320401e+02
1.627027951127075767e+02
1.791040142625491001e+02
1.923491772314949628e+02
1.923491772314949628e+02
1.985790613301868746e+02
2.028728526773207079e+02
2.055427768109205715e+02
2.065745789117255526e+02
2.079590933308109300e+02
2.157828950005418278e+02
2.167464099232537365e+02
2.167464099232537365e+02
2.167464099232537365e+02
2.167464099232537365e+02
2.180486026367325394e+02
2.204564411589205974e+02
2.204564411589205974e+02
2.204564411589205974e+02
2.204564411589205974e+02
2.204564411589205974e+02
2.204564411589205974e+02
2.204564411589205974e+02
2.204564411589205974e+02
2.204564411589205974e+02
2.204564411589205974e+02
2.204564411589205974e+02
2.204564411589205974e+02
2.204564411589205974e+02
2.204564411589205974e+02
2.237412305085777291e+02
2.237412305085777291e+02
2.237412305085777291e+02
2.237412305085777291e+02
2.237412305085777291e+02
2.237412305085777291e+02
2.237412305085777291e+02
2.237412305085777291e+02
2.237412305085777291e+02
2.237412305085777291e+02
2.237412305085777291e+02
2.237412305085777291e+02
2.237412305085777291e+02
2.242649115248998157e+02
2.242649115248998157e+02
2.242649115248998157e+02
2.242649115248998157e+02
2.242649115248998157e+02
2.242649115248998157e+02
