1.384052858088999187e+02
1.384052858088999187e+02
1.435228127814748973e+02
1.669230882597015295e+02
1.912083678894524894e+02
1.944701880109975605e+02
1.958275052442047013e+02
2.025578262923160651e+02
2.079734871196944255e+02
2.079734871196944255e+02
2.111775280842448126e+02
2.122732035756121434e+02
2.143829378154970300e+02
2.154011309131218752e+02
2.156613572855129348e+02
2.156613572855129348e+02
2.156613572855129348e+02
2.164912591043378711e+02
2.164912591043378711e+02
2.169909673509511379e+02
2.177297363855194021e+02
2.191599648526964188e+02
2.191599648526964188e+02
2.191599648526964188e+02
2.191599648526964188e+02
2.191599648526964188e+02
2.191599648526964188e+02
2.191599648526964188e+02
2.191599648526964188e+02
2.226973921162418151e+02
2.230312224057678918e+02
2.230312224057678918e+02
2.230312224057678918e+02
2.230312224057678918e+02
2.230312224057678918e+02
2.230312224057678918e+02
2.230312224057678918e+02
2.242649115248998157e+02
2.242649115248998157e+02
2.242649115248998157e+02
2.242649115248998157e+02
2.242649115248998157e+02
2.242649115248998157e+02
2.242649115248998157e+02
2.242649115248998157e+02
2.242649115248998157e+02
2.242649115248998157e+02
2.242649115248998157e+02
2.242649115248998157e+02
2.242649115248998157e+02
2.242649115248998157e+02
