1.435869914111506205e+02
1.435869914111506205e+02
1.548379624393319034e+02
1.608077408957100829e+02
1.619229910608461296e+02
1.690713869834041816e+02
1.700711605457152018e+02
1.775485324873547199e+02
1.821449475809476723e+02
1.821449475809476723e+02
1.858043730643472031e+02
1.892105907236002906e+02
2.021941778797950064e+02
2.163139633068768717e+02
2.179105311880158240e+02
2.179105311880158240e+02
2.194985666182541308e+02
2.221889362571810125e+02
2.221889362571810125e+02
2.221889362571810125e+02
2.221889362571810125e+02
2.221889362571810125e+02
2.221889362571810125e+02
2.221889362571810125e+02
2.221889362571810125e+02
2.221889362571810125e+02
2.221889362571810125e+02
2.221889362571810125e+02
2.221889362571810125e+02
2.221889362571810125e+02
2.221889362571810125e+02
2.221889362571810125e+02
2.221889362571810125e+02
2.221889362571810125e+02
2.221889362571810125e+02
2.221889362571810125e+02
2.239032627561035156e+02
2.239032627561035156e+02
2.239032627561035156e+02
2.239032627561035156e+02
2.239032627561035156e+02
2.239032627561035156e+02
2.239032627561035156e+02
2.239032627561035156e+02
2.239032627561035156e+02
2.239032627561035156e+02
2.239032627561035156e+02
2.239032627561035156e+02
2.239032627561035156e+02
2.239032627561035156e+02
2.242223966824403760e+02
