1.422398782945628000e+02
1.423955201245373132e+02
1.481694760872733241e+02
1.481694760872733241e+02
1.542729525196345719e+02
1.666235588893562181e+02
1.749257971818691431e+02
1.876569323322169680e+02
2.039173079504204793e+02
2.062448219532196561e+02
2.113660658187363595e+02
2.120881334630321362e+02
2.142147931736170392e+02
2.142147931736170392e+02
2.142147931736170392e+02
2.163513150189198200e+02
2.163513150189198200e+02
2.163513150189198200e+02
2.163513150189198200e+02
2.219587567904618766e+02
2.242649115248998157e+02
2.242649115248998157e+02
2.242649115248998157e+02
2.242649115248998157e+02
2.242649115248998157e+02
2.242649115248998157e+02
2.242649115248998157e+02
2.242649115248998157e+02
2.242649115248998157e+02
2.242649115248998157e+02
2.242649115248998157e+02
2.242649115248998157e+02
2.242649115248998157e+02
2.242649115248998157e+02
2.242649115248998157e+02
2.242649115248998157e+02
2.242649115248998157e+02
2.242649115248998157e+02
2.242649115248998157e+02
2.242649115248998157e+02
2.242649115248998157e+02
2.242649115248998157e+02
2.242649115248998157e+02
2.242649115248998157e+02
2.242649115248998157e+02
2.242649115248998157e+02
2.242649115248998157e+02
2.242649115248998157e+02
2.242649115248998157e+02
2.242649115248998157e+02
2.242649115248998157e+02
