1.330039716778984769e+02
1.330039716778984769e+02
1.372352286579777569e+02
1.433195907166215193e+02
1.465638120548613017e+02
1.783802060987833329e+02
1.905346177959604574e+02
2.044945937869933346e+02
2.069131409674398583e+02
2.069131409674398583e+02
2.106847342898851707e+02
2.110317562988981877e+02
2.120738361379982848e+02
2.123396910948924585e+02
2.158421880984595305e+02
2.170666501481425712e+02
2.170666501481425712e+02
2.170666501481425712e+02
2.176060600529158080e+02
2.176958726385136629e+02
2.176958726385136629e+02
2.195918893788345656e+02
2.204564411589205974e+02
2.204564411589205974e+02
2.204564411589205974e+02
2.204564411589205974e+02
2.204564411589205974e+02
2.204564411589205974e+02
2.204564411589205974e+02
2.204564411589205974e+02
2.235581878741567152e+02
2.235581878741567152e+02
2.242649115248998157e+02
2.242649115248998157e+02
2.242649115248998157e+02
2.242649115248998157e+02
2.242649115248998157e+02
2.242649115248998157e+02
2.242649115248998157e+02
2.242649115248998157e+02
2.242649115248998157e+02
2.242649115248998157e+02
2.242649115248998157e+02
2.242649115248998157e+02
2.242649115248998157e+02
2.242649115248998157e+02
2.242649115248998157e+02
2.242649115248998157e+02
2.242649115248998157e+02
2.242649115248998157e+02
2.242649115248998157e+02
