1.330039716778984769e+02
1.330039716778984769e+02
1.355977116424588473e+02
1.358151452749853263e+02
1.449484807146273226e+02
1.507928031652946004e+02
1.591246928042108948e+02
1.609564122963472812e+02
1.638850350695429938e+02
1.674802742552975019e+02
1.804187702535554081e+02
1.832019626599448827e+02
1.857226002143082439e+02
1.900274583862121744e+02
2.130548625406769361e+02
2.162034599360360403e+02
2.188225179645227740e+02
2.188225179645227740e+02
2.188225179645227740e+02
2.188225179645227740e+02
2.206996019960823219e+02
2.206996019960823219e+02
2.206996019960823219e+02
2.206996019960823219e+02
2.206996019960823219e+02
2.242649115248998157e+02
2.242649115248998157e+02
2.242649115248998157e+02
2.242649115248998157e+02
2.242649115248998157e+02
2.242649115248998157e+02
2.242649115248998157e+02
2.242649115248998157e+02
2.242649115248998157e+02
2.242649115248998157e+02
2.242649115248998157e+02
2.242649115248998157e+02
2.242649115248998157e+02
2.242649115248998157e+02
2.242649115248998157e+02
2.242649115248998157e+02
2.242649115248998157e+02
2.242649115248998157e+02
2.242649115248998157e+02
2.242649115248998157e+02
2.242649115248998157e+02
2.242649115248998157e+02
2.242649115248998157e+02
2.242649115248998157e+02
2.242649115248998157e+02
2.242649115248998157e+02
