1.222619592030348343e+02
1.267397462792397675e+02
1.267397462792397675e+02
1.267397462792397675e+02
1.339709681814003375e+02
1.481783514376459721e+02
1.717150109149721970e+02
1.768923797188385549e+02
1.913433616098234893e+02
1.949790517418052787e+02
2.017315332066592930e+02
2.017315332066592930e+02
2.041326272119831629e+02
2.058096270592651251e+02
2.058096270592651251e+02
2.096184821783781160e+02
2.164114216594279583e+02
2.177210339291723926e+02
2.182881678245033186e+02
2.182881678245033186e+02
2.182881678245033186e+02
2.182881678245033186e+02
2.199012102673876825e+02
2.199012102673876825e+02
2.231602539801060630e+02
2.231602539801060630e+02
2.242649115248998157e+02
2.242649115248998157e+02
2.242649115248998157e+02
2.242649115248998157e+02
2.242649115248998157e+02
2.242649115248998157e+02
2.242649115248998157e+02
2.242649115248998157e+02
2.242649115248998157e+02
2.242649115248998157e+02
2.242649115248998157e+02
2.242649115248998157e+02
2.242649115248998157e+02
2.242649115248998157e+02
2.242649115248998157e+02
2.242649115248998157e+02
2.242649115248998157e+02
2.242649115248998157e+02
2.242649115248998157e+02
2.242649115248998157e+02
2.242649115248998157e+02
2.242649115248998157e+02
2.242649115248998157e+02
2.242649115248998157e+02
2.242649115248998157e+02
