1.328546165412560356e+02
1.350546814840106435e+02
1.350723707669688451e+02
1.446587484582614138e+02
1.570085288818281981e+02
1.673578236778569988e+02
1.728919670889407598e+02
1.742066068254056006e+02
1.805116430965493350e+02
1.890276065111118839e+02
2.047088809617649190e+02
2.065705939911656230e+02
2.119461106585492587e+02
2.137174150178410628e+02
2.152685634724533088e+02
2.159797001931615341e+02
2.159797001931615341e+02
2.159797001931615341e+02
2.172778918257611735e+02
2.181818422016116870e+02
2.189270045383633203e+02
2.189270045383633203e+02
2.189270045383633203e+02
2.190022082343247121e+02
2.190022082343247121e+02
2.190022082343247121e+02
2.205147307746746321e+02
2.207114718785140326e+02
2.242649115248998157e+02
2.242649115248998157e+02
2.242649115248998157e+02
2.242649115248998157e+02
2.242649115248998157e+02
2.242649115248998157e+02
2.242649115248998157e+02
2.242649115248998157e+02
2.242649115248998157e+02
2.242649115248998157e+02
2.242649115248998157e+02
2.242649115248998157e+02
2.242649115248998157e+02
2.242649115248998157e+02
2.242649115248998157e+02
2.242649115248998157e+02
2.242649115248998157e+02
2.242649115248998157e+02
2.242649115248998157e+02
2.242649115248998157e+02
2.242649115248998157e+02
2.242649115248998157e+02
2.242649115248998157e+02
