1.394913706575846106e+02
1.394913706575846106e+02
1.415472373802696495e+02
1.520735187368641732e+02
1.665005855400941641e+02
1.831540219364268296e+02
1.876317052692367611e+02
1.893570880913186443e+02
1.946616882118516401e+02
1.958933504823316412e+02
1.958933504823316412e+02
2.074516322031040829e+02
2.074516322031040829e+02
2.090656087206382949e+02
2.125727501610691661e+02
2.144849957766850821e+02
2.165138136286128372e+02
2.165138136286128372e+02
2.165138136286128372e+02
2.196649613511081611e+02
2.196649613511081611e+02
2.196649613511081611e+02
2.196649613511081611e+02
2.196649613511081611e+02
2.196649613511081611e+02
2.196649613511081611e+02
2.196649613511081611e+02
2.196649613511081611e+02
2.196649613511081611e+02
2.196649613511081611e+02
2.196649613511081611e+02
2.236465914607617265e+02
2.236465914607617265e+02
2.236465914607617265e+02
2.236465914607617265e+02
2.236465914607617265e+02
2.236465914607617265e+02
2.242606508383281323e+02
2.242606508383281323e+02
2.242606508383281323e+02
2.242606508383281323e+02
2.242606508383281323e+02
2.242606508383281323e+02
2.242606508383281323e+02
2.242606508383281323e+02
2.242606508383281323e+02
2.242606508383281323e+02
2.242606508383281323e+02
2.242606508383281323e+02
2.242606508383281323e+02
2.242606508383281323e+02
