1.328546165412560356e+02
1.348884256108185014e+02
1.348884256108185014e+02
1.471813799060858798e+02
1.725581719896743493e+02
1.880243738032693841e+02
1.926097224895102613e+02
1.926097224895102613e+02
1.983812175446474271e+02
2.024479201897369478e+02
2.057686845967230624e+02
2.057686845967230624e+02
2.132800287584083492e+02
2.132800287584083492e+02
2.153196779969287320e+02
2.172002606306812709e+02
2.172002606306812709e+02
2.172002606306812709e+02
2.172002606306812709e+02
2.172002606306812709e+02
2.172002606306812709e+02
2.185204935831939395e+02
2.187602507834128005e+02
2.187602507834128005e+02
2.197812880437170122e+02
2.204564411589205974e+02
2.204564411589205974e+02
2.204564411589205974e+02
2.204564411589205974e+02
2.208198867157055076e+02
2.208198867157055076e+02
2.242649115248998157e+02
2.242649115248998157e+02
2.242649115248998157e+02
2.242649115248998157e+02
2.242649115248998157e+02
2.242649115248998157e+02
2.242649115248998157e+02
2.242649115248998157e+02
2.242649115248998157e+02
2.242649115248998157e+02
2.242649115248998157e+02
2.242649115248998157e+02
2.242649115248998157e+02
2.242649115248998157e+02
2.242649115248998157e+02
2.242649115248998157e+02
2.242649115248998157e+02
2.242649115248998157e+02
2.242649115248998157e+02
2.242649115248998157e+02
