1.340666702657484279e+02
1.359513963880976064e+02
1.359513963880976064e+02
1.422028877623027086e+02
1.480174354178769818e+02
1.545326647523855854e+02
1.660002238384194584e+02
1.875618316096812066e+02
2.001758316687923980e+02
2.001758316687923980e+02
2.055335215681673446e+02
2.055335215681673446e+02
2.099116906530579456e+02
2.117046351851155350e+02
2.117046351851155350e+02
2.145705125678986178e+02
2.174820345666319099e+02
2.180323491387227932e+02
2.199201468975260809e+02
2.199201468975260809e+02
2.199201468975260809e+02
2.199201468975260809e+02
2.199201468975260809e+02
2.199201468975260809e+02
2.199201468975260809e+02
2.204963886592566098e+02
2.204963886592566098e+02
2.204963886592566098e+02
2.204963886592566098e+02
2.204963886592566098e+02
2.204963886592566098e+02
2.204963886592566098e+02
2.204963886592566098e+02
2.204963886592566098e+02
2.207580045535282522e+02
2.242484635127752313e+02
2.242484635127752313e+02
2.242484635127752313e+02
2.242484635127752313e+02
2.242484635127752313e+02
2.242484635127752313e+02
2.242484635127752313e+02
2.242484635127752313e+02
2.242484635127752313e+02
2.242484635127752313e+02
2.242484635127752313e+02
2.242484635127752313e+02
2.242484635127752313e+02
2.242484635127752313e+02
2.242484635127752313e+02
2.242484635127752313e+02
