1.422398782945628000e+02
1.424227634494135941e+02
1.470801234666445225e+02
1.470801234666445225e+02
1.569352098761219736e+02
1.719862202274265428e+02
1.719862202274265428e+02
1.799159679859761809e+02
1.924948223061435897e+02
2.054597481919042252e+02
2.135361099762946253e+02
2.135361099762946253e+02
2.135361099762946253e+02
2.169517729590202180e+02
2.169517729590202180e+02
2.211989067259827380e+02
2.211989067259827380e+02
2.230040773188157459e+02
2.230040773188157459e+02
2.230040773188157459e+02
2.230040773188157459e+02
2.230040773188157459e+02
2.230040773188157459e+02
2.230040773188157459e+02
2.230040773188157459e+02
2.230040773188157459e+02
2.230040773188157459e+02
2.230040773188157459e+02
2.230040773188157459e+02
2.241119185835017049e+02
2.241119185835017049e+02
2.241119185835017049e+02
2.241119185835017049e+02
2.241119185835017049e+02
2.241119185835017049e+02
2.241119185835017049e+02
2.241119185835017049e+02
2.241119185835017049e+02
2.241119185835017049e+02
2.241119185835017049e+02
2.241119185835017049e+02
2.241119185835017049e+02
2.241119185835017049e+02
2.241119185835017049e+02
2.241119185835017049e+02
2.241119185835017049e+02
2.241119185835017049e+02
2.241119185835017049e+02
2.241119185835017049e+02
2.241119185835017049e+02
2.241119185835017049e+02
