9.847488750382826339e+00
1.183657219992825738e+01
1.272688527666997871e+01
1.272688527666997871e+01
1.290357167481517209e+01
1.290357167481517209e+01
1.290357167481517209e+01
1.292732952395835966e+01
1.301117795552156586e+01
1.301117795552156586e+01
1.301117795552156586e+01
1.301117795552156586e+01
1.307994062734710639e+01
1.307994062734710639e+01
1.309321244028020104e+01
1.309321244028020104e+01
1.309321244028020104e+01
1.309321244028020104e+01
1.309694604040059573e+01
1.309694604040059573e+01
1.309694604040059573e+01
1.309694604040059573e+01
1.309694604040059573e+01
1.309694604040059573e+01
1.309694604040059573e+01
1.309694604040059573e+01
1.309694604040059573e+01
1.309694604040059573e+01
1.309694604040059573e+01
1.309694604040059573e+01
1.310047812345138141e+01
1.310047812345138141e+01
1.310047812345138141e+01
1.310047812345138141e+01
1.310047812345138141e+01
1.310047812345138141e+01
1.310047812345138141e+01
1.310047812345138141e+01
1.310047812345138141e+01
1.310047812345138141e+01
1.310047812345138141e+01
1.310047812345138141e+01
1.310047812345138141e+01
1.310047812345138141e+01
1.310047812345138141e+01
1.310047812345138141e+01
1.310047812345138141e+01
1.310047812345138141e+01
1.310047812345138141e+01
1.310047812345138141e+01
1.310047812345138141e+01
