9.379680032484660757e+00
9.711611500331855495e+00
9.711611500331855495e+00
1.069831635767275912e+01
1.069831635767275912e+01
1.239965486920900162e+01
1.261063929751647272e+01
1.286790120245842850e+01
1.299112266161907137e+01
1.308869192155299288e+01
1.308869192155299288e+01
1.308869192155299288e+01
1.310389651729363081e+01
1.310785936329798673e+01
1.310785936329798673e+01
1.310785936329798673e+01
1.310785936329798673e+01
1.310831927479025794e+01
1.310855055569395233e+01
1.310855055569395233e+01
1.310855055569395233e+01
1.310855055569395233e+01
1.310860089879231616e+01
1.310863504732106222e+01
1.310863504732106222e+01
1.310867115866354027e+01
1.310867115866354027e+01
1.310867115866354027e+01
1.310867115866354027e+01
1.310867115866354027e+01
1.310867115866354027e+01
1.310867115866354027e+01
1.310870044157931069e+01
1.310870044157931069e+01
1.310870044157931069e+01
1.310870044157931069e+01
1.310870044157931069e+01
1.310870044157931069e+01
1.310870044157931069e+01
1.310870044157931069e+01
1.310870044157931069e+01
1.310870044157931069e+01
1.310870044157931069e+01
1.310870044157931069e+01
1.310870044157931069e+01
1.310870044157931069e+01
1.310870044157931069e+01
1.310870092900294992e+01
1.310871604429627624e+01
1.310871604429627624e+01
1.310871604429627624e+01
