6.448801451056692891e+00
1.028427261873415333e+01
1.153272284177099039e+01
1.197684314716497411e+01
1.269856735885205268e+01
1.300601067033619884e+01
1.300601067033619884e+01
1.305221335385124526e+01
1.305221335385124526e+01
1.305221335385124526e+01
1.305221335385124526e+01
1.305516770579108865e+01
1.307953936659274952e+01
1.310141718280942769e+01
1.310551266562924333e+01
1.310551266562924333e+01
1.310551266562924333e+01
1.310551266562924333e+01
1.310758611015432962e+01
1.310832389239081053e+01
1.310832389239081053e+01
1.310833042166344242e+01
1.310843631256290109e+01
1.310866572153453902e+01
1.310866572153453902e+01
1.310869102044964585e+01
1.310871504101451634e+01
1.310871504101451634e+01
1.310871504101451634e+01
1.310871512226995961e+01
1.310871512226995961e+01
1.310871525366189516e+01
1.310871525366189516e+01
1.310871525366189516e+01
1.310872650974763687e+01
1.310872650974763687e+01
1.310872650974763687e+01
1.310872650974763687e+01
1.310872650974763687e+01
1.310872650974763687e+01
1.310872650974763687e+01
1.310872650974763687e+01
1.310872650974763687e+01
1.310872650974763687e+01
1.310872650974763687e+01
1.310872650974763687e+01
1.310872650974763687e+01
1.310872650974763687e+01
1.310872650974763687e+01
1.310872650974763687e+01
1.310872650974763687e+01
