1.341444166798934301e+00
1.341444166798934301e+00
1.341444166798934301e+00
2.034234344261213412e+00
2.034234344261213412e+00
2.034234344261213412e+00
2.034234344261213412e+00
2.034234344261213412e+00
2.034234344261213412e+00
2.049098141719398747e+00
2.054503486407645241e+00
2.063846071757061029e+00
2.436185753789932740e+00
2.436185753789932740e+00
2.475758965086076735e+00
2.482227093331793366e+00
2.482227093331793366e+00
2.482227093331793366e+00
2.519940041692956267e+00
9.291354730477996426e+00
9.291354730477996426e+00
1.139036543377652144e+01
1.254358099164416984e+01
1.290119425812717324e+01
1.290119425812717324e+01
1.291307163115817502e+01
1.291307163115817502e+01
1.297490546189903426e+01
1.304841750320751892e+01
1.304841750320751892e+01
1.304841750320751892e+01
1.304841750320751892e+01
1.304841750320751892e+01
1.304841750320751892e+01
1.305825761188168244e+01
1.305825761188168244e+01
1.307646772757400200e+01
1.308908037375437949e+01
1.308908037375437949e+01
1.309757330186408630e+01
1.309757330186408630e+01
1.309757330186408630e+01
1.309757330186408630e+01
1.309757330186408630e+01
1.309757330186408630e+01
1.309757330186408630e+01
1.309757330186408630e+01
1.309757330186408630e+01
1.309757330186408630e+01
1.310010606445942116e+01
1.310010606445942116e+01
