4.912229110996876869e-02
4.912229110996876869e-02
4.912229110996876869e-02
5.236687157564977324e-02
5.469759181819777716e-02
5.731239539670607286e-02
6.212054101265544054e-02
6.304237041350532755e-02
7.577873412109578655e-02
8.430894208669875711e-02
9.499196694518680095e-02
1.070787123951501274e-01
1.070787123951501274e-01
1.217746922950370403e-01
1.238442073493112583e-01
1.285767981967052276e-01
1.374771799117538440e-01
1.432114455639657002e-01
1.585563273301348053e-01
2.003109427566473200e-01
2.136417796660634860e-01
2.781209315455995812e-01
2.848429532406026032e-01
2.848429532406026032e-01
3.010489065040825030e-01
3.254464298673047651e-01
3.447915820820305344e-01
3.457115913802464302e-01
3.708418416875947643e-01
3.990850055234841931e-01
4.349744723478936592e-01
4.578503540204016953e-01
4.578503540204016953e-01
4.578503540204016953e-01
4.640194967589231223e-01
4.776920208118055067e-01
5.091419835350118328e-01
5.091419835350118328e-01
5.091419835350118328e-01
5.451955903436001005e-01
5.699777211885077577e-01
5.793764451238351265e-01
5.793764451238351265e-01
5.793764451238351265e-01
5.793764451238351265e-01
5.793764451238351265e-01
5.824228165481739605e-01
5.824228165481739605e-01
5.824228165481739605e-01
5.935133797729719163e-01
5.935133797729719163e-01
5.935133797729719163e-01
5.935133797729719163e-01
5.951718350364819665e-01
5.951718350364819665e-01
5.951718350364819665e-01
5.992087360058122592e-01
5.992087360058122592e-01
6.038351014338747547e-01
6.040132896129015716e-01
6.040132896129015716e-01
6.040132896129015716e-01
6.040132896129015716e-01
6.049067811742425693e-01
6.049067811742425693e-01
6.049067811742425693e-01
6.049067811742425693e-01
6.049566304365168179e-01
6.049566304365168179e-01
6.052906089720277993e-01
6.052906089720277993e-01
6.057060125116184857e-01
6.057060125116184857e-01
6.058027759296531478e-01
6.058027759296531478e-01
6.061493011485379334e-01
6.061493011485379334e-01
6.062516257737905478e-01
6.062516257737905478e-01
6.062516257737905478e-01
6.062516257737905478e-01
6.062516257737905478e-01
6.062516257737905478e-01
6.062516257737905478e-01
6.062516257737905478e-01
6.063144733642555906e-01
6.063144733642555906e-01
6.063238253145729617e-01
6.063238253145729617e-01
6.063238253145729617e-01
6.063238253145729617e-01
6.063238253145729617e-01
6.063348625532358760e-01
6.063348625532358760e-01
6.063376625454618418e-01
6.063376625454618418e-01
6.063376625454618418e-01
6.063376625454618418e-01
6.063396821613242782e-01
6.063396821613242782e-01
6.063396821613242782e-01
