1.581268938977749894e+00
1.581268938977749894e+00
1.581268938977749894e+00
1.874368918051680710e+00
1.874368918051680710e+00
2.408770079502830175e+00
2.408770079502830175e+00
2.408770079502830175e+00
2.408770079502830175e+00
2.408770079502830175e+00
2.594680931959050696e+00
2.594680931959050696e+00
2.680132571970343047e+00
2.680132571970343047e+00
2.806653090811173090e+00
8.159240820973076680e+00
1.087293602056404040e+01
1.249885857727016614e+01
1.289415831120885869e+01
1.289415831120885869e+01
1.289415831120885869e+01
1.291826485590091877e+01
1.295221863877247870e+01
1.295221863877247870e+01
1.300807980323522628e+01
1.308335632266566506e+01
1.308335632266566506e+01
1.308335632266566506e+01
1.310323555608061241e+01
1.310323555608061241e+01
1.310323555608061241e+01
1.310323555608061241e+01
1.310323555608061241e+01
1.310323555608061241e+01
1.310323555608061241e+01
1.310323555608061241e+01
1.310323555608061241e+01
1.310323555608061241e+01
1.310323555608061241e+01
1.310323555608061241e+01
1.310323555608061241e+01
1.310323555608061241e+01
1.310323555608061241e+01
1.310323555608061241e+01
1.310323555608061241e+01
1.310323555608061241e+01
1.310323555608061241e+01
1.310323555608061241e+01
1.310360444700373783e+01
1.310360444700373783e+01
1.310360444700373783e+01
