4.439497368649530928e-02
4.439497368649530928e-02
4.439497368649530928e-02
4.439551744230236380e-02
4.439551744230236380e-02
4.540370998728177065e-02
4.564657200448737906e-02
4.564773615899495041e-02
5.153502091867586538e-02
5.546274223060677216e-02
5.910679818125789964e-02
6.116720410976846795e-02
6.368607187360897370e-02
6.544375541729077761e-02
6.544375541729077761e-02
6.742747367315814200e-02
6.742747367315814200e-02
7.260358703023497839e-02
7.543246289416372097e-02
7.804375427597834425e-02
1.029360360763679483e-01
1.401148396312956734e-01
1.717764638181832892e-01
1.717764638181832892e-01
1.717764638181832892e-01
1.764383647555157475e-01
2.056849900094523120e-01
2.095772712102507151e-01
2.320336094497773005e-01
2.347603126140760943e-01
2.347603126140760943e-01
2.692602000940427232e-01
2.998844844901091267e-01
3.568585431854591761e-01
3.604499746295837803e-01
3.696276110853602415e-01
4.053548764817596073e-01
4.152134221632698963e-01
4.152134221632698963e-01
4.156054217323820188e-01
4.217927845536028619e-01
4.599118728686021895e-01
4.698429746065672097e-01
4.698429746065672097e-01
5.326264234915953910e-01
5.326264234915953910e-01
5.493016830768651104e-01
5.526303781228421030e-01
5.550828526436364374e-01
5.756278451613787706e-01
5.756278451613787706e-01
5.756278451613787706e-01
5.756278451613787706e-01
5.756278451613787706e-01
5.756278451613787706e-01
5.845641590666856846e-01
5.845641590666856846e-01
5.854375440614657533e-01
5.903761329864438689e-01
5.933758152451571455e-01
5.933758152451571455e-01
5.933758152451571455e-01
5.990184765957118351e-01
5.990184765957118351e-01
5.990184765957118351e-01
6.015703685726394578e-01
6.020383704209353315e-01
6.020383704209353315e-01
6.036137863469112075e-01
6.036137863469112075e-01
6.036137863469112075e-01
6.036137863469112075e-01
6.036137863469112075e-01
6.041611496437568896e-01
6.050199149889173844e-01
6.050450932622544187e-01
6.051016267517360658e-01
6.051016267517360658e-01
6.055226088501878268e-01
6.058829591476051490e-01
6.060357653360388674e-01
6.060357653360388674e-01
6.060357653360388674e-01
6.060357653360388674e-01
6.060357653360388674e-01
6.061375053617448216e-01
6.061375053617448216e-01
6.061932111594487971e-01
6.061932111594487971e-01
6.061932111594487971e-01
6.062371171906992817e-01
6.062371171906992817e-01
6.062371171906992817e-01
6.063109379116115027e-01
6.063109379116115027e-01
6.063109379116115027e-01
6.063301009640389427e-01
6.063301009640389427e-01
6.063301009640389427e-01
6.063335986501821040e-01
6.063335986501821040e-01
