1.341444166798934301e+00
1.341444166798934301e+00
1.341444166798934301e+00
2.034234344261213412e+00
2.034234344261213412e+00
2.034234344261213412e+00
2.034234344261213412e+00
2.034234344261213412e+00
2.034234344261213412e+00
2.051271656710448532e+00
2.051271656710448532e+00
2.062224963974355951e+00
2.431974817094228136e+00
2.431974817094228136e+00
2.469182144880742946e+00
2.493139312393991780e+00
2.600035283194959579e+00
2.600035283194959579e+00
2.600035283194959579e+00
2.600035283194959579e+00
2.600035283194959579e+00
2.600035283194959579e+00
2.600035283194959579e+00
2.600035283194959579e+00
2.600035283194959579e+00
2.600035283194959579e+00
2.600035283194959579e+00
9.056839562749349426e+00
9.056839562749349426e+00
1.030990489269556853e+01
1.235748282103460127e+01
1.235748282103460127e+01
1.263578932512814212e+01
1.284720446001997551e+01
1.295266487875620598e+01
1.299459862149290856e+01
1.308861660054895637e+01
1.308861660054895637e+01
1.308861660054895637e+01
1.310700414012264403e+01
1.310700414012264403e+01
1.310700414012264403e+01
1.310700414012264403e+01
1.310700414012264403e+01
1.310802056365058910e+01
1.310802056365058910e+01
1.310802056365058910e+01
1.310833274099075929e+01
1.310845885531968946e+01
1.310845885531968946e+01
1.310845885531968946e+01
