1.284336783313149155e+00
1.284336783313149155e+00
1.284336783313149155e+00
2.108458416242128486e+00
2.108458416242128486e+00
2.108458416242128486e+00
2.108458416242128486e+00
2.108458416242128486e+00
2.108458416242128486e+00
2.108458416242128486e+00
2.400420508397269614e+00
2.471829530077545467e+00
2.555942876764919269e+00
2.555942876764919269e+00
2.624717593777115887e+00
2.624717593777115887e+00
2.637774709667932704e+00
2.637774709667932704e+00
2.637774709667932704e+00
2.691663627341515763e+00
2.691663627341515763e+00
2.691663627341515763e+00
2.691663627341515763e+00
2.691663627341515763e+00
2.691663627341515763e+00
2.691663627341515763e+00
2.691663627341515763e+00
2.691663627341515763e+00
2.691663627341515763e+00
2.691663627341515763e+00
7.149519589355035620e+00
8.157521016258728608e+00
1.148944272639715791e+01
1.225741793610702324e+01
1.256282888352554039e+01
1.296379425672530061e+01
1.298933609457364291e+01
1.298933609457364291e+01
1.298933609457364291e+01
1.298933609457364291e+01
1.298933609457364291e+01
1.298933609457364291e+01
1.304351107984106406e+01
1.307746625596269041e+01
1.310256083074163769e+01
1.310256083074163769e+01
1.310256083074163769e+01
1.310256083074163769e+01
1.310606011531487347e+01
1.310606011531487347e+01
1.310606011531487347e+01
