5.354665673865642572e-02
5.354665673865642572e-02
6.039988412193428302e-02
6.039988412193428302e-02
7.116633323553105128e-02
8.386080644548203622e-02
9.789418153748705165e-02
1.160687579533494912e-01
1.189102036557320580e-01
1.189102036557320580e-01
1.228350923203738593e-01
1.360721073129618486e-01
1.360721073129618486e-01
1.360721073129618486e-01
1.674358048060088366e-01
2.196451593718745099e-01
2.422115652898011451e-01
2.422115652898011451e-01
2.835885609434149468e-01
2.862760145373384746e-01
3.301436018170370579e-01
3.481203072917079533e-01
3.675008594816248086e-01
3.677207401205486170e-01
3.683041467338616926e-01
3.859787758108762512e-01
3.956389200718591903e-01
4.003265565520932046e-01
4.099552797607465826e-01
4.888959344196511791e-01
4.888959344196511791e-01
4.937812410582498313e-01
5.089707613927637597e-01
5.124445564080188920e-01
5.124445564080188920e-01
5.615207030217039819e-01
5.615207030217039819e-01
5.615207030217039819e-01
5.615207030217039819e-01
5.678692489876100424e-01
5.765519791873678912e-01
5.780970892768508840e-01
5.919587613873240617e-01
5.919587613873240617e-01
5.962252351676631257e-01
5.962252351676631257e-01
5.962252351676631257e-01
5.962252351676631257e-01
5.962252351676631257e-01
5.984513529161858969e-01
6.014138528854229282e-01
6.014138528854229282e-01
6.014138528854229282e-01
6.014138528854229282e-01
6.014138528854229282e-01
6.014138528854229282e-01
6.028658965476865195e-01
6.042743854209027266e-01
6.042743854209027266e-01
6.042743854209027266e-01
6.042743854209027266e-01
6.052257575016974922e-01
6.052257575016974922e-01
6.052257575016974922e-01
6.052257575016974922e-01
6.052632147901866322e-01
6.057088688683955890e-01
6.060861713206469048e-01
6.060861713206469048e-01
6.060861713206469048e-01
6.060861713206469048e-01
6.060861713206469048e-01
6.060861713206469048e-01
6.062492752352151015e-01
6.062492752352151015e-01
6.062492752352151015e-01
6.062492752352151015e-01
6.062492752352151015e-01
6.063215345033931003e-01
6.063215345033931003e-01
6.063215345033931003e-01
6.063215345033931003e-01
6.063215345033931003e-01
6.063215345033931003e-01
6.063380349526100721e-01
6.063380349526100721e-01
6.063380349526100721e-01
6.063380349526100721e-01
6.063380349526100721e-01
6.063380349526100721e-01
6.063380349526100721e-01
6.063380349526100721e-01
6.063380349526100721e-01
6.063380349526100721e-01
6.063402002176592198e-01
6.063402002176592198e-01
6.063402002176592198e-01
6.063402002176592198e-01
6.063402520759999526e-01
6.063402520759999526e-01
6.063411457845813146e-01
