5.354665673865642572e-02
5.354665673865642572e-02
6.053868285623406620e-02
6.053868285623406620e-02
7.109034948259421172e-02
8.351166503975006317e-02
9.711092878808072482e-02
1.140495922790011885e-01
1.168181587575351232e-01
1.168181587575351232e-01
1.196336515749093221e-01
1.319120598318991311e-01
1.554454524158446482e-01
1.554454524158446482e-01
1.561708161472080691e-01
1.611200936905345105e-01
2.027819322555117210e-01
2.506007674383877726e-01
2.707461648366428220e-01
3.012863423585062095e-01
3.146644202808470681e-01
3.521884792471942638e-01
3.531424366949199589e-01
3.697102945729336954e-01
3.697102945729336954e-01
3.697102945729336954e-01
3.697102945729336954e-01
3.697102945729336954e-01
3.697102945729336954e-01
3.879417661494591885e-01
3.879417661494591885e-01
4.220347971812032917e-01
4.273224253861653832e-01
4.458238416912597146e-01
4.458238416912597146e-01
4.855561301890516379e-01
4.855561301890516379e-01
5.042599972918744289e-01
5.371867032648034446e-01
5.441213241124286393e-01
5.441213241124286393e-01
5.579972398587372817e-01
5.579972398587372817e-01
5.579972398587372817e-01
5.579972398587372817e-01
5.579972398587372817e-01
5.579972398587372817e-01
5.686097567210168791e-01
5.771879438214438940e-01
5.828173535760936552e-01
5.828173535760936552e-01
5.828173535760936552e-01
5.828173535760936552e-01
5.840306481726696974e-01
5.840306481726696974e-01
5.884711011917251877e-01
5.884711011917251877e-01
5.884711011917251877e-01
5.884711011917251877e-01
5.950312421914842886e-01
5.950312421914842886e-01
5.957160107823660233e-01
5.957160107823660233e-01
5.957160107823660233e-01
5.957160107823660233e-01
5.957160107823660233e-01
5.957160107823660233e-01
5.957160107823660233e-01
5.957160107823660233e-01
5.968276928573887918e-01
5.992465456795155188e-01
5.992465456795155188e-01
5.992465456795155188e-01
5.992465456795155188e-01
6.013752670128923450e-01
6.013752670128923450e-01
6.013752670128923450e-01
6.044190367603761160e-01
6.050950655043159099e-01
6.050950655043159099e-01
6.050950655043159099e-01
6.050950655043159099e-01
6.050950655043159099e-01
6.050950655043159099e-01
6.050950655043159099e-01
6.050950655043159099e-01
6.050950655043159099e-01
6.050950655043159099e-01
6.050950655043159099e-01
6.050950655043159099e-01
6.050950655043159099e-01
6.050950655043159099e-01
6.050950655043159099e-01
6.050950655043159099e-01
6.050950655043159099e-01
6.050950655043159099e-01
6.050950655043159099e-01
6.050950655043159099e-01
6.051590473992378705e-01
6.051590473992378705e-01
6.051590473992378705e-01
