7.492070558960403637e-02
7.492070558960403637e-02
8.899637220903686141e-02
1.041725766534940534e-01
1.230261550313054009e-01
1.423430262892466935e-01
1.571128138807738606e-01
1.571128138807738606e-01
1.812063083071547842e-01
1.819166986888910709e-01
1.819166986888910709e-01
2.191240900007582759e-01
2.417709585231457015e-01
2.670206400587494255e-01
3.215389242121228786e-01
3.410351526801819189e-01
3.410351526801819189e-01
3.410351526801819189e-01
3.425238073254079918e-01
3.955867762010136790e-01
4.508252545186285931e-01
4.734682420744891207e-01
4.734682420744891207e-01
4.734682420744891207e-01
4.734682420744891207e-01
5.218189145960894226e-01
5.218189145960894226e-01
5.218189145960894226e-01
5.218189145960894226e-01
5.218189145960894226e-01
5.532695139449587129e-01
5.532695139449587129e-01
5.532695139449587129e-01
5.532695139449587129e-01
5.577148676069259015e-01
5.695394568044608308e-01
5.695394568044608308e-01
5.811303931593732042e-01
5.811303931593732042e-01
5.811303931593732042e-01
5.811303931593732042e-01
5.811303931593732042e-01
5.905996345868562702e-01
5.905996345868562702e-01
5.973087708628866954e-01
5.973087708628866954e-01
5.973087708628866954e-01
5.973087708628866954e-01
5.998892953672053663e-01
5.998892953672053663e-01
6.022578205821425001e-01
6.037843485862980364e-01
6.037843485862980364e-01
6.037843485862980364e-01
6.048333108384879031e-01
6.048333108384879031e-01
6.048333108384879031e-01
6.048333108384879031e-01
6.048333108384879031e-01
6.050585924181097752e-01
6.057398673098641773e-01
6.057398673098641773e-01
6.057398673098641773e-01
6.060934043146513073e-01
6.060934043146513073e-01
6.061317670786656731e-01
6.061317670786656731e-01
6.061317670786656731e-01
6.061317670786656731e-01
6.061317670786656731e-01
6.062408834426583626e-01
6.062408834426583626e-01
6.062408834426583626e-01
6.062408834426583626e-01
6.063205699708332785e-01
6.063205699708332785e-01
6.063205699708332785e-01
6.063205699708332785e-01
6.063205699708332785e-01
6.063205699708332785e-01
6.063205699708332785e-01
6.063205699708332785e-01
6.063205699708332785e-01
6.063228171980604708e-01
6.063253835227090383e-01
6.063253835227090383e-01
6.063326018006225393e-01
6.063326018006225393e-01
6.063371436567379646e-01
6.063404880609786218e-01
6.063404880609786218e-01
6.063404880609786218e-01
6.063404880609786218e-01
6.063404880609786218e-01
6.063404880609786218e-01
6.063404880609786218e-01
6.063404880609786218e-01
6.063404880609786218e-01
6.063404880609786218e-01
6.063406638660457926e-01
6.063407856813846086e-01
