7.031606396387839186e-02
7.031606396387839186e-02
8.770379995026381104e-02
1.024458882370364310e-01
1.231093952282143328e-01
1.611569506735286705e-01
1.842330312096141509e-01
1.873555213005974052e-01
1.873555213005974052e-01
1.892493183987495053e-01
1.892493183987495053e-01
2.016112732078341185e-01
2.016112732078341185e-01
2.190493972496528052e-01
2.415309427856492663e-01
2.577184740728155066e-01
2.943638192075060944e-01
2.943638192075060944e-01
2.943638192075060944e-01
3.154607821564887615e-01
3.597098818820353427e-01
3.641107077735717401e-01
3.876830649667571405e-01
3.876830649667571405e-01
4.003422687393819457e-01
4.003422687393819457e-01
4.024566344591124500e-01
4.027745971819022830e-01
4.529922988865948685e-01
4.623736279771190061e-01
4.675301847228179875e-01
5.207829982555267634e-01
5.588261360023460966e-01
5.588261360023460966e-01
5.588261360023460966e-01
5.588261360023460966e-01
5.588261360023460966e-01
5.625440171696451941e-01
5.625440171696451941e-01
5.636974809458985547e-01
5.783921596385452890e-01
5.783921596385452890e-01
5.783921596385452890e-01
5.799894296565997198e-01
5.811900051872447293e-01
5.811900051872447293e-01
5.811900051872447293e-01
5.811900051872447293e-01
5.811900051872447293e-01
5.811900051872447293e-01
5.868551199931353324e-01
5.868551199931353324e-01
5.868551199931353324e-01
5.868551199931353324e-01
5.921653025284630001e-01
5.945326571198088494e-01
5.945326571198088494e-01
5.986042813220970871e-01
5.986042813220970871e-01
5.987514182690474307e-01
5.987514182690474307e-01
5.987514182690474307e-01
5.987514182690474307e-01
5.987514182690474307e-01
5.987514182690474307e-01
5.987514182690474307e-01
5.987514182690474307e-01
5.987514182690474307e-01
5.987514182690474307e-01
5.987514182690474307e-01
5.987514182690474307e-01
5.987514182690474307e-01
5.987514182690474307e-01
6.011878186189106854e-01
6.011878186189106854e-01
6.011878186189106854e-01
6.020871444437841946e-01
6.037032688075976150e-01
6.037032688075976150e-01
6.052371355999629499e-01
6.052371355999629499e-01
6.052371355999629499e-01
6.052371355999629499e-01
6.052371355999629499e-01
6.052371355999629499e-01
6.052371355999629499e-01
6.052371355999629499e-01
6.052371355999629499e-01
6.052371355999629499e-01
6.052371355999629499e-01
6.052371355999629499e-01
6.052371355999629499e-01
6.052371355999629499e-01
6.052371355999629499e-01
6.052371355999629499e-01
6.052371355999629499e-01
6.054056606537612240e-01
6.055137111826819352e-01
6.055137111826819352e-01
6.055137111826819352e-01
6.055137111826819352e-01
