5.606468245850990129e-02
6.009851447455833579e-02
6.009851447455833579e-02
6.020192880861796603e-02
6.020192880861796603e-02
6.354487868716339471e-02
6.631380396967190283e-02
6.631380396967190283e-02
7.581837111091420389e-02
8.903833028126882654e-02
1.041613221280522222e-01
1.131190919974236486e-01
1.231390822419451692e-01
1.348549726848107533e-01
1.426120742215945814e-01
1.447653751691931612e-01
1.521286393675578830e-01
1.769905754184075142e-01
1.901257881174972797e-01
1.901257881174972797e-01
2.226710868875134142e-01
2.226710868875134142e-01
2.483248666232683033e-01
2.483248666232683033e-01
2.785840806302234407e-01
2.927055138266086431e-01
3.218766830747024632e-01
3.481565183185730827e-01
3.570256601945154817e-01
4.452753673964250369e-01
4.452753673964250369e-01
4.533931948192022054e-01
4.915468874413492784e-01
4.915468874413492784e-01
4.923002811581664862e-01
4.923002811581664862e-01
5.156357641341298148e-01
5.256317466186049003e-01
5.334315237687756728e-01
5.484259297986533443e-01
5.577905427709846098e-01
5.577905427709846098e-01
5.577905427709846098e-01
5.724834658195954162e-01
5.742956479218224164e-01
5.742956479218224164e-01
5.778405738418709303e-01
5.813868395307758563e-01
5.813868395307758563e-01
5.975496940058044881e-01
5.975496940058044881e-01
5.975496940058044881e-01
5.975496940058044881e-01
5.981141494777795220e-01
6.006451121625268064e-01
6.006451121625268064e-01
6.006451121625268064e-01
6.038052820731882875e-01
6.038052820731882875e-01
6.039805424110344934e-01
6.051955713991254981e-01
6.051955713991254981e-01
6.051955713991254981e-01
6.051955713991254981e-01
6.051955713991254981e-01
6.051955713991254981e-01
6.051955713991254981e-01
6.054187462274659426e-01
6.054187462274659426e-01
6.056146254977727850e-01
6.061567188200334133e-01
6.061567188200334133e-01
6.062309887743304593e-01
6.062309887743304593e-01
6.062309887743304593e-01
6.062309887743304593e-01
6.062309887743304593e-01
6.062309887743304593e-01
6.062990209733329916e-01
6.062990209733329916e-01
6.062990209733329916e-01
6.062990209733329916e-01
6.062990209733329916e-01
6.063010821162921893e-01
6.063010821162921893e-01
6.063133311587242114e-01
6.063133311587242114e-01
6.063368481040769531e-01
6.063368481040769531e-01
6.063368481040769531e-01
6.063368481040769531e-01
6.063368481040769531e-01
6.063368481040769531e-01
6.063376916492682067e-01
6.063376916492682067e-01
6.063376916492682067e-01
6.063408807563814840e-01
6.063408807563814840e-01
6.063408807563814840e-01
6.063408807563814840e-01
6.063408807563814840e-01
