1.219123993956777952e+00
1.514249567606390734e+00
1.514249567606390734e+00
1.514249567606390734e+00
1.514249567606390734e+00
1.754979653668912842e+00
1.865249601623435227e+00
2.243320457232665266e+00
2.243320457232665266e+00
2.332893729546272166e+00
2.385090257590162466e+00
2.385090257590162466e+00
2.385090257590162466e+00
2.385090257590162466e+00
2.385090257590162466e+00
1.134823402898486222e+01
1.253603965689038269e+01
1.253603965689038269e+01
1.289911091331190107e+01
1.289911091331190107e+01
1.289911091331190107e+01
1.297896050617151076e+01
1.297896050617151076e+01
1.300202183764713482e+01
1.308194978588910296e+01
1.308194978588910296e+01
1.310486896442355587e+01
1.310486896442355587e+01
1.310486896442355587e+01
1.310486896442355587e+01
1.310486896442355587e+01
1.310644691593692457e+01
1.310644691593692457e+01
1.310790309991177338e+01
1.310824105066620504e+01
1.310849614222228077e+01
1.310866819928448379e+01
1.310866819928448379e+01
1.310866819928448379e+01
1.310870959787835766e+01
1.310871034449145967e+01
1.310871034449145967e+01
1.310871034449145967e+01
1.310871034449145967e+01
1.310871034449145967e+01
1.310871034449145967e+01
1.310871034449145967e+01
1.310871034449145967e+01
1.310871034449145967e+01
1.310871993055345008e+01
1.310871993055345008e+01
