4.912229110996876869e-02
4.912229110996876869e-02
4.912229110996876869e-02
5.236687157564977324e-02
5.469759181819777716e-02
5.731239539670607286e-02
6.212054101265544054e-02
6.304237041350532755e-02
7.577873412109578655e-02
8.430894208669875711e-02
9.499196694518680095e-02
1.070787123951501274e-01
1.070787123951501274e-01
1.194189092542542324e-01
1.221135481060311168e-01
1.238175727393474868e-01
1.288331156738070638e-01
1.288331156738070638e-01
1.288331156738070638e-01
1.410021065681238972e-01
1.459032902628039086e-01
2.050494094368983389e-01
2.352608606785310807e-01
2.447158868009216004e-01
2.759804918711094013e-01
2.847493886866668822e-01
2.847493886866668822e-01
2.933499721693449414e-01
3.084357352418315990e-01
3.626519023223054861e-01
3.729201177526436650e-01
3.729201177526436650e-01
3.773691453970808851e-01
3.773691453970808851e-01
3.773691453970808851e-01
3.969071374857776058e-01
3.969071374857776058e-01
4.457473294941719510e-01
4.566748569818097070e-01
4.566748569818097070e-01
4.566748569818097070e-01
4.614906968406049526e-01
4.654204159476852953e-01
4.717358672923812613e-01
4.821957352105095129e-01
5.146522598709871721e-01
5.146522598709871721e-01
5.146522598709871721e-01
5.166545560442070695e-01
5.166545560442070695e-01
5.326176941148919042e-01
5.326176941148919042e-01
5.383216463419759901e-01
5.622712931901185929e-01
5.622712931901185929e-01
5.622712931901185929e-01
5.622712931901185929e-01
5.622712931901185929e-01
5.785351264501246149e-01
5.785351264501246149e-01
5.875480604119174277e-01
5.875480604119174277e-01
5.909568681588778238e-01
5.909568681588778238e-01
5.909568681588778238e-01
5.968935077284268642e-01
5.968935077284268642e-01
5.968935077284268642e-01
5.977650997854422332e-01
5.977650997854422332e-01
5.986849729936642994e-01
5.986849729936642994e-01
5.986849729936642994e-01
5.986849729936642994e-01
5.986849729936642994e-01
5.986849729936642994e-01
5.991577613536471780e-01
5.991577613536471780e-01
5.991577613536471780e-01
5.991577613536471780e-01
5.991577613536471780e-01
5.991577613536471780e-01
6.029720775235472008e-01
6.029720775235472008e-01
6.029720775235472008e-01
6.029720775235472008e-01
6.029720775235472008e-01
6.052701905985566899e-01
6.052701905985566899e-01
6.052701905985566899e-01
6.052701905985566899e-01
6.052701905985566899e-01
6.052701905985566899e-01
6.052701905985566899e-01
6.052701905985566899e-01
6.052701905985566899e-01
6.052701905985566899e-01
6.052701905985566899e-01
6.052701905985566899e-01
6.052701905985566899e-01
6.052701905985566899e-01
