6.448801451056692891e+00
1.028427261873415333e+01
1.153272284177099039e+01
1.197773241504786768e+01
1.197773241504786768e+01
1.269317107380353704e+01
1.298276630337556448e+01
1.298276630337556448e+01
1.298426775528393762e+01
1.308582817954718180e+01
1.308582817954718180e+01
1.308582817954718180e+01
1.308582817954718180e+01
1.308582817954718180e+01
1.308582817954718180e+01
1.308582817954718180e+01
1.308582817954718180e+01
1.308582817954718180e+01
1.308582817954718180e+01
1.308582817954718180e+01
1.308712274853959023e+01
1.308712274853959023e+01
1.309233023134962615e+01
1.309233023134962615e+01
1.309233023134962615e+01
1.309233023134962615e+01
1.309233023134962615e+01
1.309233023134962615e+01
1.309233023134962615e+01
1.309233023134962615e+01
1.309233023134962615e+01
1.310028595872485724e+01
1.310028595872485724e+01
1.310028595872485724e+01
1.310028595872485724e+01
1.310028595872485724e+01
1.310028595872485724e+01
1.310028595872485724e+01
1.310028595872485724e+01
1.310028595872485724e+01
1.310028595872485724e+01
1.310028595872485724e+01
1.310028595872485724e+01
1.310028595872485724e+01
1.310028595872485724e+01
1.310028595872485724e+01
1.310028595872485724e+01
1.310028595872485724e+01
1.310028595872485724e+01
1.310028595872485724e+01
1.310028595872485724e+01
