6.455495374431453826e+00
1.184704333299984214e+01
1.218314762362975401e+01
1.262240665198752509e+01
1.269815746831004688e+01
1.269815746831004688e+01
1.286167301316791090e+01
1.286167301316791090e+01
1.297892446742959471e+01
1.297892446742959471e+01
1.297892446742959471e+01
1.300960596751765763e+01
1.307515996878010611e+01
1.307515996878010611e+01
1.307515996878010611e+01
1.308171286056830418e+01
1.308171286056830418e+01
1.308171286056830418e+01
1.308171286056830418e+01
1.308171286056830418e+01
1.308171286056830418e+01
1.308171286056830418e+01
1.308882111919461266e+01
1.308882111919461266e+01
1.308882111919461266e+01
1.308882111919461266e+01
1.308882111919461266e+01
1.308882111919461266e+01
1.308882111919461266e+01
1.308882111919461266e+01
1.308882111919461266e+01
1.308882111919461266e+01
1.308882111919461266e+01
1.309197718181652981e+01
1.309197718181652981e+01
1.309197718181652981e+01
1.309197718181652981e+01
1.309197718181652981e+01
1.309197718181652981e+01
1.309197718181652981e+01
1.309197718181652981e+01
1.309197718181652981e+01
1.309197718181652981e+01
1.309197718181652981e+01
1.309197718181652981e+01
1.309197718181652981e+01
1.309197718181652981e+01
1.309197718181652981e+01
1.309598123569114136e+01
1.309598123569114136e+01
1.309598123569114136e+01
