4.439497368649530928e-02
4.439497368649530928e-02
4.439497368649530928e-02
4.439544506120625400e-02
4.446239676892117798e-02
4.519122278396325854e-02
4.549708077805288131e-02
4.741593286976496235e-02
4.843781191485295456e-02
4.874146376616687870e-02
4.874146376616687870e-02
5.195021264111291531e-02
5.611822325441052917e-02
6.088920355492765529e-02
6.217854044823253878e-02
7.169047363467417888e-02
7.291233146040371205e-02
7.406477245284988353e-02
7.694885616577143428e-02
7.968962991852578115e-02
8.087986514420672512e-02
9.015631557277090091e-02
9.624922695527451943e-02
9.672458493990379602e-02
1.182154465263206833e-01
1.427486891743497688e-01
1.572200031501115314e-01
1.660477094170242085e-01
1.803331784688501638e-01
1.889174612855548663e-01
2.274029512955210441e-01
2.376200492966988043e-01
2.376200492966988043e-01
2.466043476737352913e-01
2.488088548871633665e-01
2.811161763481119236e-01
2.811161763481119236e-01
2.913740865213656495e-01
3.187510409090612562e-01
3.195994596414303834e-01
3.417636027782951502e-01
3.417636027782951502e-01
3.417636027782951502e-01
3.417636027782951502e-01
3.472353239724106921e-01
3.500086146545156041e-01
3.662728037835071282e-01
3.704677330806076530e-01
3.752582786005143611e-01
3.752582786005143611e-01
3.752582786005143611e-01
3.752582786005143611e-01
3.752582786005143611e-01
3.819534585406416660e-01
3.968348794787329159e-01
4.777739744168872926e-01
4.777739744168872926e-01
5.383669888263564740e-01
5.383669888263564740e-01
5.505346217534410336e-01
5.546063583494951210e-01
5.580309857552980812e-01
5.640808738030798075e-01
5.736803162303207859e-01
5.736803162303207859e-01
5.736803162303207859e-01
5.893350852018535146e-01
5.893350852018535146e-01
5.893350852018535146e-01
5.893350852018535146e-01
5.893350852018535146e-01
5.893350852018535146e-01
5.928015835527571387e-01
5.929420137202029428e-01
5.929420137202029428e-01
5.929420137202029428e-01
5.929420137202029428e-01
5.929420137202029428e-01
5.999656018331986918e-01
5.999656018331986918e-01
5.999656018331986918e-01
5.999656018331986918e-01
5.999656018331986918e-01
6.010020842377272743e-01
6.010020842377272743e-01
6.010020842377272743e-01
6.010020842377272743e-01
6.010020842377272743e-01
6.010020842377272743e-01
6.050335997345583916e-01
6.050335997345583916e-01
6.050335997345583916e-01
6.050335997345583916e-01
6.050335997345583916e-01
6.050335997345583916e-01
6.050335997345583916e-01
6.050335997345583916e-01
6.050335997345583916e-01
6.050335997345583916e-01
6.050335997345583916e-01
6.054009730394003252e-01
