4.328363297184317782e-02
4.328363297184317782e-02
4.328363297184317782e-02
4.939147488129060071e-02
5.221543759549748809e-02
5.546588123401548914e-02
5.752811540194794487e-02
7.509967799288434775e-02
9.336716010492372708e-02
1.106551497067010115e-01
1.200461244156985630e-01
1.200461244156985630e-01
1.498757375455353202e-01
1.831411693209068214e-01
2.044663996777337511e-01
2.044663996777337511e-01
2.215876403251510751e-01
2.299646668102840741e-01
2.299646668102840741e-01
2.648780711027897694e-01
2.877705988046311836e-01
3.404289235510594147e-01
3.663942301941550683e-01
3.663942301941550683e-01
3.663942301941550683e-01
4.056126239403130551e-01
4.056126239403130551e-01
4.494748254590389402e-01
4.549798838614692031e-01
4.568724090991969078e-01
4.568724090991969078e-01
4.568724090991969078e-01
4.762492125617470151e-01
4.762492125617470151e-01
5.005671651014715895e-01
5.005671651014715895e-01
5.193937649730262507e-01
5.582927885493007558e-01
5.582927885493007558e-01
5.582927885493007558e-01
5.582927885493007558e-01
5.582927885493007558e-01
5.582927885493007558e-01
5.652670753994826214e-01
5.652670753994826214e-01
5.732598283513389292e-01
5.793766418528412121e-01
5.793766418528412121e-01
5.793766418528412121e-01
5.847026567184505641e-01
5.847026567184505641e-01
5.852974106272197385e-01
5.852974106272197385e-01
5.894740249672936194e-01
5.894740249672936194e-01
5.894740249672936194e-01
5.894740249672936194e-01
5.894740249672936194e-01
5.944881040163889629e-01
5.947259723201234749e-01
5.947259723201234749e-01
5.947259723201234749e-01
5.947259723201234749e-01
5.992691707572164184e-01
5.992691707572164184e-01
5.992691707572164184e-01
5.992691707572164184e-01
5.992691707572164184e-01
5.992691707572164184e-01
5.992691707572164184e-01
5.992691707572164184e-01
6.002102052630780005e-01
6.002102052630780005e-01
6.027139455308730964e-01
6.027139455308730964e-01
6.027139455308730964e-01
6.027139455308730964e-01
6.027139455308730964e-01
6.047788583761743997e-01
6.047788583761743997e-01
6.047788583761743997e-01
6.047788583761743997e-01
6.047788583761743997e-01
6.047788583761743997e-01
6.047788583761743997e-01
6.047788583761743997e-01
6.047788583761743997e-01
6.047788583761743997e-01
6.047788583761743997e-01
6.047788583761743997e-01
6.047788583761743997e-01
6.047788583761743997e-01
6.047788583761743997e-01
6.047788583761743997e-01
6.047788583761743997e-01
6.047788583761743997e-01
6.048555444790412183e-01
6.048555444790412183e-01
6.056143160278771864e-01
6.056143160278771864e-01
6.056143160278771864e-01
