9.847488750382826339e+00
1.183657219992825738e+01
1.272688527666997871e+01
1.272688527666997871e+01
1.295045187755040139e+01
1.295045187755040139e+01
1.305497815389834138e+01
1.305497815389834138e+01
1.305497815389834138e+01
1.307642458634326488e+01
1.307642458634326488e+01
1.309945036218414671e+01
1.309945036218414671e+01
1.310606045823356247e+01
1.310712703206582930e+01
1.310738961057292329e+01
1.310764366710622042e+01
1.310764366710622042e+01
1.310823675925034415e+01
1.310823675925034415e+01
1.310846803361113899e+01
1.310846803361113899e+01
1.310846803361113899e+01
1.310866519783956008e+01
1.310866519783956008e+01
1.310867222361718731e+01
1.310870715079191484e+01
1.310870924432890661e+01
1.310871033848351885e+01
1.310871033848351885e+01
1.310871033848351885e+01
1.310871041461071762e+01
1.310871045847982153e+01
1.310871045847982153e+01
1.310871045847982153e+01
1.310871045847982153e+01
1.310871045847982153e+01
1.310871045847982153e+01
1.310871045847982153e+01
1.310871045847982153e+01
1.310871045847982153e+01
1.310871045847982153e+01
1.310871045847982153e+01
1.310871045847982153e+01
1.310871045847982153e+01
1.310871045847982153e+01
1.310871045847982153e+01
1.310871045847982153e+01
1.310871045847982153e+01
1.310872012895925565e+01
1.310872012895925565e+01
