7.849966368024650920e-02
7.849966368024650920e-02
9.205456415890890531e-02
1.047901890834070787e-01
1.234798200055388651e-01
1.318212241455843092e-01
1.490516956375974311e-01
1.606463772917356148e-01
1.606463772917356148e-01
1.923292576353755612e-01
2.116460616308762088e-01
2.452007772635940996e-01
2.612234890280070165e-01
2.958708285660456849e-01
2.958708285660456849e-01
3.301322126102170795e-01
3.301322126102170795e-01
3.354328179846149949e-01
3.464580574430107807e-01
3.549362600249720279e-01
3.596159916028796033e-01
3.733646241967615853e-01
3.912994302969006744e-01
3.984347192040870178e-01
3.984347192040870178e-01
4.190579854012533856e-01
5.087819204302904685e-01
5.087819204302904685e-01
5.191987343245032527e-01
5.191987343245032527e-01
5.191987343245032527e-01
5.191987343245032527e-01
5.476939061761509908e-01
5.476939061761509908e-01
5.620842612793408577e-01
5.664788168629366627e-01
5.664788168629366627e-01
5.727763690278442343e-01
5.888440676896895543e-01
5.888440676896895543e-01
5.888440676896895543e-01
5.888440676896895543e-01
5.987143612042833407e-01
5.987143612042833407e-01
5.987143612042833407e-01
5.987143612042833407e-01
5.987143612042833407e-01
6.033401299139145024e-01
6.033401299139145024e-01
6.033401299139145024e-01
6.037519411104739220e-01
6.037519411104739220e-01
6.037519411104739220e-01
6.041591658439171564e-01
6.041591658439171564e-01
6.050148991897201789e-01
6.050148991897201789e-01
6.050148991897201789e-01
6.050148991897201789e-01
6.054955918262338033e-01
6.056233651725668743e-01
6.056233651725668743e-01
6.057506253246514039e-01
6.057506253246514039e-01
6.057506253246514039e-01
6.058230622405964549e-01
6.058797509781420620e-01
6.060315724750801047e-01
6.061167363175634648e-01
6.062146451452563589e-01
6.062146451452563589e-01
6.062146451452563589e-01
6.062962526271539199e-01
6.062962526271539199e-01
6.062962526271539199e-01
6.062962526271539199e-01
6.063312138575208676e-01
6.063312138575208676e-01
6.063312138575208676e-01
6.063312138575208676e-01
6.063371969136498452e-01
6.063371969136498452e-01
6.063371969136498452e-01
6.063371969136498452e-01
6.063373053323770634e-01
6.063373053323770634e-01
6.063373053323770634e-01
6.063381225863184731e-01
6.063381225863184731e-01
6.063386921427116327e-01
6.063399658360277833e-01
6.063399658360277833e-01
6.063405541063104920e-01
6.063417871993299624e-01
6.063417871993299624e-01
6.063417871993299624e-01
6.063417871993299624e-01
6.063417871993299624e-01
6.063417871993299624e-01
6.063417871993299624e-01
6.063417871993299624e-01
