1.219123993956777952e+00
1.514249567606390734e+00
1.514249567606390734e+00
1.514249567606390734e+00
1.514249567606390734e+00
1.754979653668912842e+00
1.917720567024844058e+00
1.917720567024844058e+00
1.917720567024844058e+00
2.241367833957100153e+00
2.241367833957100153e+00
2.365814016479062865e+00
2.365814016479062865e+00
2.448129315665968697e+00
2.507276966210200797e+00
2.507276966210200797e+00
2.507276966210200797e+00
2.507276966210200797e+00
2.507276966210200797e+00
2.507276966210200797e+00
2.507276966210200797e+00
2.507276966210200797e+00
2.629199915438066082e+00
2.629199915438066082e+00
2.629199915438066082e+00
2.629199915438066082e+00
2.629199915438066082e+00
1.194999221666244438e+01
1.214903004197445391e+01
1.258734325397436926e+01
1.265756976821510449e+01
1.265756976821510449e+01
1.298506287818164218e+01
1.298506287818164218e+01
1.298506287818164218e+01
1.298637113351999872e+01
1.298637113351999872e+01
1.300245189783461086e+01
1.306597090236199143e+01
1.306597090236199143e+01
1.306597090236199143e+01
1.306597090236199143e+01
1.306597090236199143e+01
1.306597090236199143e+01
1.306785601245397999e+01
1.307665770298098096e+01
1.307665770298098096e+01
1.307665770298098096e+01
1.307665770298098096e+01
1.307982117832769831e+01
1.307982117832769831e+01
