7.849966368024650920e-02
7.849966368024650920e-02
9.113503519288408683e-02
1.036788399310245024e-01
1.188710884275010066e-01
1.249156755745422093e-01
1.432766831952873021e-01
1.432941634626728744e-01
1.432941634626728744e-01
1.640638309082116109e-01
1.781849609152398872e-01
1.798491904093401650e-01
1.798491904093401650e-01
1.798491904093401650e-01
1.965326001736571737e-01
2.222953114562929433e-01
2.374592683796825643e-01
2.540316388060938624e-01
2.541117555867687949e-01
2.739363599965506380e-01
2.739363599965506380e-01
2.817313369137642853e-01
2.846208763686438603e-01
2.999679560902259734e-01
3.091704494446863571e-01
3.153574510520239516e-01
3.153574510520239516e-01
3.295131580171960506e-01
3.408561803324792749e-01
3.408561803324792749e-01
3.974032625248336004e-01
3.974032625248336004e-01
4.244486001318540924e-01
4.244486001318540924e-01
4.324631428880478801e-01
4.384809466147224777e-01
4.384809466147224777e-01
4.448931354455819553e-01
4.448931354455819553e-01
4.448931354455819553e-01
4.710743321788685156e-01
5.009836265028383417e-01
5.009836265028383417e-01
5.009836265028383417e-01
5.269381001177968482e-01
5.269381001177968482e-01
5.436784205109830292e-01
5.580265031025897215e-01
5.580265031025897215e-01
5.597893952486302505e-01
5.597893952486302505e-01
5.606681689026329352e-01
5.687384168203829526e-01
5.806489342326726089e-01
5.806489342326726089e-01
5.806489342326726089e-01
5.806489342326726089e-01
5.806489342326726089e-01
5.806489342326726089e-01
5.806489342326726089e-01
5.838200973946352512e-01
5.894089240058879575e-01
5.894089240058879575e-01
5.929606098945876536e-01
5.929606098945876536e-01
5.966505580963750166e-01
5.966505580963750166e-01
5.966505580963750166e-01
5.966505580963750166e-01
5.980952979932834257e-01
5.980952979932834257e-01
5.980952979932834257e-01
6.013652688300226146e-01
6.013652688300226146e-01
6.013652688300226146e-01
6.013652688300226146e-01
6.013652688300226146e-01
6.013652688300226146e-01
6.013652688300226146e-01
6.018238516094764901e-01
6.054147287057092264e-01
6.054147287057092264e-01
6.054147287057092264e-01
6.054147287057092264e-01
6.054147287057092264e-01
6.054147287057092264e-01
6.054147287057092264e-01
6.054147287057092264e-01
6.054147287057092264e-01
6.054147287057092264e-01
6.054147287057092264e-01
6.054147287057092264e-01
6.054147287057092264e-01
6.054147287057092264e-01
6.054147287057092264e-01
6.054147287057092264e-01
6.054147287057092264e-01
6.054147287057092264e-01
6.054147287057092264e-01
6.054147287057092264e-01
6.054147287057092264e-01
