4.142372944866629103e-02
4.744150277407682692e-02
4.744150277407682692e-02
4.804218430274764112e-02
5.821893484607604252e-02
6.627056121602169225e-02
7.588695339305753795e-02
8.852239439431996981e-02
9.855713578642867623e-02
1.095729110543434970e-01
1.211702233031519138e-01
1.393680416868888217e-01
1.543378491536945840e-01
1.909313072725242755e-01
2.484615603748754897e-01
2.546549900620318496e-01
2.546549900620318496e-01
2.812844908041359226e-01
2.871418216146927049e-01
3.077316927188717965e-01
3.611111988950181928e-01
3.611111988950181928e-01
4.004484688439401419e-01
4.046235516631982998e-01
4.304868786712291451e-01
4.304868786712291451e-01
4.304868786712291451e-01
4.340962569643492808e-01
4.340962569643492808e-01
4.401490209030475276e-01
4.401490209030475276e-01
4.421327441497301391e-01
4.421327441497301391e-01
4.486230383707513480e-01
4.643653999807054733e-01
5.043064437442340564e-01
5.043064437442340564e-01
5.115898214322631699e-01
5.306170190003369758e-01
5.306170190003369758e-01
5.306170190003369758e-01
5.367404611416304316e-01
5.402669397610452284e-01
5.659552312494213755e-01
5.659552312494213755e-01
5.659552312494213755e-01
5.784203144580845057e-01
5.784203144580845057e-01
5.849894618247996059e-01
5.849894618247996059e-01
5.876491689772731508e-01
5.876491689772731508e-01
5.884644410023003314e-01
5.884644410023003314e-01
5.884644410023003314e-01
5.942657650713837336e-01
5.942657650713837336e-01
5.942657650713837336e-01
5.964955639463475068e-01
5.964955639463475068e-01
5.964955639463475068e-01
5.964955639463475068e-01
5.964955639463475068e-01
5.964955639463475068e-01
5.964955639463475068e-01
5.964955639463475068e-01
5.964955639463475068e-01
5.964955639463475068e-01
5.964955639463475068e-01
5.964955639463475068e-01
5.964955639463475068e-01
5.972029386286105135e-01
6.026551591559312637e-01
6.026551591559312637e-01
6.049490827617849398e-01
6.049490827617849398e-01
6.052584700522682937e-01
6.052584700522682937e-01
6.052584700522682937e-01
6.052584700522682937e-01
6.052584700522682937e-01
6.052584700522682937e-01
6.052584700522682937e-01
6.052584700522682937e-01
6.052584700522682937e-01
6.057677404173039681e-01
6.057677404173039681e-01
6.057677404173039681e-01
6.057677404173039681e-01
6.057677404173039681e-01
6.057677404173039681e-01
6.057677404173039681e-01
6.057677404173039681e-01
6.057677404173039681e-01
6.057677404173039681e-01
6.057677404173039681e-01
6.057677404173039681e-01
6.057677404173039681e-01
6.057677404173039681e-01
6.057677404173039681e-01
6.057677404173039681e-01
