1.270253815826845933e+00
3.202141752410301301e+00
3.203988056365631110e+00
9.566040727063297666e+00
1.061899147358865036e+01
1.061899147358865036e+01
1.252565549733544614e+01
1.267748545633602575e+01
1.290371359222341496e+01
1.295719951442008089e+01
1.298085244618959955e+01
1.298085244618959955e+01
1.304429000429179375e+01
1.309345534464752703e+01
1.310437736062946001e+01
1.310437736062946001e+01
1.310437736062946001e+01
1.310664384915687641e+01
1.310664384915687641e+01
1.310723691535792845e+01
1.310780321645356139e+01
1.310780321645356139e+01
1.310811414594526880e+01
1.310811414594526880e+01
1.310844846971218303e+01
1.310851893047181349e+01
1.310863752753552447e+01
1.310869773217037704e+01
1.310869773217037704e+01
1.310869773217037704e+01
1.310869773217037704e+01
1.310869773217037704e+01
1.310869773217037704e+01
1.310869773217037704e+01
1.310869773217037704e+01
1.310869773217037704e+01
1.310869773217037704e+01
1.310869773217037704e+01
1.310869773217037704e+01
1.310869773217037704e+01
1.310869773217037704e+01
1.310869773217037704e+01
1.310869773217037704e+01
1.310869773217037704e+01
1.310869773217037704e+01
1.310869773217037704e+01
1.310869773217037704e+01
1.310869785945469346e+01
1.310871926050799274e+01
1.310871926050799274e+01
1.310871926050799274e+01
