4.142372944866629103e-02
4.695335012818830506e-02
4.695335012818830506e-02
4.739016890641351010e-02
5.841731358839901550e-02
6.738988876619460278e-02
7.587866330006237670e-02
9.074888824280068211e-02
1.043080615471017464e-01
1.188115292891309266e-01
1.493004950224376959e-01
1.746027074715398864e-01
1.746027074715398864e-01
2.330745556188408840e-01
2.719054884016996465e-01
2.719054884016996465e-01
3.024656296759484775e-01
3.455393797080181240e-01
4.059150581720248896e-01
4.384326327288515790e-01
4.454815007974931018e-01
4.454815007974931018e-01
4.716769724171143152e-01
4.726562677434880677e-01
4.726562677434880677e-01
5.136390489398134918e-01
5.136390489398134918e-01
5.256868538276844305e-01
5.356598969753690875e-01
5.356598969753690875e-01
5.356598969753690875e-01
5.606287464930628239e-01
5.771576497738966083e-01
5.771576497738966083e-01
5.771576497738966083e-01
5.845030649243579957e-01
5.845030649243579957e-01
5.891193592328725082e-01
5.891193592328725082e-01
5.891193592328725082e-01
5.891193592328725082e-01
5.891193592328725082e-01
5.974802500449680753e-01
5.976803495005000855e-01
5.976803495005000855e-01
5.976803495005000855e-01
6.040860536205612252e-01
6.040860536205612252e-01
6.040860536205612252e-01
6.041297091867205982e-01
6.041297091867205982e-01
6.041297091867205982e-01
6.056161828315863582e-01
6.056161828315863582e-01
6.056161828315863582e-01
6.056161828315863582e-01
6.056161828315863582e-01
6.056161828315863582e-01
6.056612405083363626e-01
6.056612405083363626e-01
6.056612405083363626e-01
6.058233199491450671e-01
6.058233199491450671e-01
6.058233199491450671e-01
6.058233199491450671e-01
6.058233199491450671e-01
6.058233199491450671e-01
6.058233199491450671e-01
6.060857321978970758e-01
6.061990743671705761e-01
6.061990743671705761e-01
6.061990743671705761e-01
6.061990743671705761e-01
6.062746617345687872e-01
6.062746617345687872e-01
6.062746617345687872e-01
6.062988553142150128e-01
6.063022251869443213e-01
6.063022251869443213e-01
6.063022251869443213e-01
6.063281333311694166e-01
6.063281333311694166e-01
6.063281333311694166e-01
6.063281333311694166e-01
6.063281333311694166e-01
6.063281333311694166e-01
6.063281333311694166e-01
6.063303776597142036e-01
6.063373083071346148e-01
6.063373083071346148e-01
6.063394790893131825e-01
6.063394790893131825e-01
6.063394790893131825e-01
6.063394790893131825e-01
6.063394790893131825e-01
6.063394790893131825e-01
6.063394790893131825e-01
6.063410398054964734e-01
6.063410398054964734e-01
6.063410398054964734e-01
6.063410398054964734e-01
