1.270253815826845933e+00
3.202141752410301301e+00
3.203988056365631110e+00
9.566040727063297666e+00
1.061899224108186601e+01
1.061899224108186601e+01
1.260138934766265706e+01
1.271687257644930824e+01
1.288658055540398273e+01
1.304815050204186200e+01
1.307538896781426452e+01
1.307730492317933191e+01
1.307730492317933191e+01
1.307730492317933191e+01
1.307730492317933191e+01
1.308411730314140087e+01
1.308411730314140087e+01
1.308411730314140087e+01
1.309294789655080393e+01
1.310078775669015627e+01
1.310078775669015627e+01
1.310078775669015627e+01
1.310078775669015627e+01
1.310078775669015627e+01
1.310078775669015627e+01
1.310078775669015627e+01
1.310078775669015627e+01
1.310078775669015627e+01
1.310078775669015627e+01
1.310078775669015627e+01
1.310078775669015627e+01
1.310270782719740801e+01
1.310270782719740801e+01
1.310270782719740801e+01
1.310270782719740801e+01
1.310270782719740801e+01
1.310270782719740801e+01
1.310270782719740801e+01
1.310270782719740801e+01
1.310270782719740801e+01
1.310270782719740801e+01
1.310270782719740801e+01
1.310270782719740801e+01
1.310270782719740801e+01
1.310270782719740801e+01
1.310270782719740801e+01
1.310270782719740801e+01
1.310270782719740801e+01
1.310270782719740801e+01
1.310270782719740801e+01
1.310270782719740801e+01
