6.455495374431453826e+00
1.184704333299984214e+01
1.218314762362975401e+01
1.262240665198752509e+01
1.269815746831004688e+01
1.269815746831004688e+01
1.287391086312250010e+01
1.287391086312250010e+01
1.287552723496546569e+01
1.294328362576331770e+01
1.305857169646343685e+01
1.309040635941726549e+01
1.309464778992687428e+01
1.310621645469247198e+01
1.310684596534142443e+01
1.310684596534142443e+01
1.310684596534142443e+01
1.310787059719245917e+01
1.310787059719245917e+01
1.310787059719245917e+01
1.310787059719245917e+01
1.310787059719245917e+01
1.310787059719245917e+01
1.310839117363571837e+01
1.310839117363571837e+01
1.310866676335320946e+01
1.310866676335320946e+01
1.310866846302585920e+01
1.310866846302585920e+01
1.310867242294268031e+01
1.310867242294268031e+01
1.310868180850484777e+01
1.310868214209017779e+01
1.310868325972752046e+01
1.310869357931573198e+01
1.310869504974514399e+01
1.310869541368551339e+01
1.310869615176066816e+01
1.310869615176066816e+01
1.310872087968619937e+01
1.310872087968619937e+01
1.310872087968619937e+01
1.310872087968619937e+01
1.310872087968619937e+01
1.310872087968619937e+01
1.310872195356653691e+01
1.310872195356653691e+01
1.310872385173395216e+01
1.310872385173395216e+01
1.310872385173395216e+01
1.310872385173395216e+01
