4.328363297184317782e-02
4.328363297184317782e-02
4.328363297184317782e-02
5.027077145420764948e-02
5.426390827427872432e-02
5.973486852948837328e-02
6.526660685235220749e-02
6.845333542119180770e-02
6.846680030827523300e-02
7.351239848371837748e-02
7.551674750491793597e-02
7.551674750491793597e-02
8.123769166319379231e-02
8.444722395315909513e-02
1.162078172621864441e-01
1.662592576269432409e-01
2.060945287461366793e-01
2.060945287461366793e-01
2.098964114601833963e-01
2.098964114601833963e-01
2.138496881951127970e-01
2.228036399103655862e-01
2.347205935828195755e-01
2.361387407724443166e-01
2.361387407724443166e-01
2.361387407724443166e-01
2.589967670795782495e-01
2.694618988365551360e-01
3.293824813793403417e-01
4.008257865723498514e-01
4.008257865723498514e-01
4.008257865723498514e-01
4.008257865723498514e-01
4.008257865723498514e-01
4.197805218111479442e-01
4.197805218111479442e-01
5.025722715778129235e-01
5.025722715778129235e-01
5.159502037327181601e-01
5.171661984315205629e-01
5.171661984315205629e-01
5.202251612796365832e-01
5.318634673141297009e-01
5.318634673141297009e-01
5.443607205530711646e-01
5.443607205530711646e-01
5.443607205530711646e-01
5.443607205530711646e-01
5.513528731064105681e-01
5.747228429268296246e-01
5.747228429268296246e-01
5.836726258400478651e-01
5.836726258400478651e-01
5.910370328000673634e-01
5.910370328000673634e-01
5.939175725710750253e-01
5.939175725710750253e-01
5.939175725710750253e-01
5.939175725710750253e-01
5.979820201410058766e-01
6.045577270178220664e-01
6.045577270178220664e-01
6.045577270178220664e-01
6.045577270178220664e-01
6.045577270178220664e-01
6.045577270178220664e-01
6.053736301722764113e-01
6.053736301722764113e-01
6.053736301722764113e-01
6.054686272514330225e-01
6.054686272514330225e-01
6.057809583799246278e-01
6.058717336938658216e-01
6.058717336938658216e-01
6.061140099547051019e-01
6.061140099547051019e-01
6.061140099547051019e-01
6.062983367332226425e-01
6.062983367332226425e-01
6.062983367332226425e-01
6.062983367332226425e-01
6.062983367332226425e-01
6.062983367332226425e-01
6.062983367332226425e-01
6.062983367332226425e-01
6.062983367332226425e-01
6.062983367332226425e-01
6.062983367332226425e-01
6.063190672859950503e-01
6.063190672859950503e-01
6.063190672859950503e-01
6.063190672859950503e-01
6.063209004063860874e-01
6.063209004063860874e-01
6.063209004063860874e-01
6.063209004063860874e-01
6.063209004063860874e-01
6.063281572680501164e-01
6.063368053022875070e-01
6.063405311165612765e-01
6.063405311165612765e-01
