9.379680032484660757e+00
9.711611500331855495e+00
9.711611500331855495e+00
1.069831635767275912e+01
1.218969801111564877e+01
1.266525420940546809e+01
1.272623343294585752e+01
1.293885446805262873e+01
1.300009818049168508e+01
1.300009818049168508e+01
1.306052596174700575e+01
1.306052596174700575e+01
1.306052596174700575e+01
1.307778557906397054e+01
1.308608650536261564e+01
1.308608650536261564e+01
1.308608650536261564e+01
1.308608650536261564e+01
1.308608650536261564e+01
1.308608650536261564e+01
1.309095834823156324e+01
1.309095834823156324e+01
1.309095834823156324e+01
1.309095834823156324e+01
1.309095834823156324e+01
1.309095834823156324e+01
1.309095834823156324e+01
1.309095834823156324e+01
1.309095834823156324e+01
1.309095834823156324e+01
1.309095834823156324e+01
1.309095834823156324e+01
1.309095834823156324e+01
1.309095834823156324e+01
1.309095834823156324e+01
1.309095834823156324e+01
1.309095834823156324e+01
1.309095834823156324e+01
1.309095834823156324e+01
1.309095834823156324e+01
1.309095834823156324e+01
1.309187850373495365e+01
1.309187850373495365e+01
1.309187850373495365e+01
1.309187850373495365e+01
1.309187850373495365e+01
1.309442336970071352e+01
1.309442336970071352e+01
1.309442336970071352e+01
1.309442336970071352e+01
1.309442336970071352e+01
