1.581268938977749894e+00
1.581268938977749894e+00
1.581268938977749894e+00
1.874368918051680710e+00
1.874368918051680710e+00
2.412312330016885831e+00
2.412312330016885831e+00
2.412312330016885831e+00
2.412312330016885831e+00
2.587730683926736219e+00
2.587730683926736219e+00
2.587730683926736219e+00
2.628275639666901586e+00
2.628275639666901586e+00
2.628275639666901586e+00
2.628275639666901586e+00
2.628275639666901586e+00
2.628275639666901586e+00
2.670748110812258602e+00
2.777888123840621670e+00
8.329361362124334534e+00
1.180269011588034900e+01
1.248326861320311920e+01
1.267450529575992668e+01
1.287378332788220447e+01
1.296078090073208244e+01
1.298098091626238926e+01
1.298098091626238926e+01
1.301017089204027144e+01
1.302622179276512604e+01
1.305951726616495279e+01
1.308441593230207722e+01
1.309617685511055640e+01
1.310553418337492992e+01
1.310553418337492992e+01
1.310707656116338526e+01
1.310707656116338526e+01
1.310742352760095031e+01
1.310857081004814262e+01
1.310857081004814262e+01
1.310857081004814262e+01
1.310857081004814262e+01
1.310859093413019139e+01
1.310859093413019139e+01
1.310869392175358961e+01
1.310869392175358961e+01
1.310869392175358961e+01
1.310869392175358961e+01
1.310869392175358961e+01
1.310869392175358961e+01
1.310869392175358961e+01
