1.931516426063625724e+00
2.418179901359941653e+00
1.199979309760064972e+01
1.233341594086488868e+01
1.233341594086488868e+01
1.233341594086488868e+01
1.280276419154151846e+01
1.290236689956845240e+01
1.301514784208788811e+01
1.308334078207716189e+01
1.308334078207716189e+01
1.308334078207716189e+01
1.308823577255017945e+01
1.308823577255017945e+01
1.308823577255017945e+01
1.308823577255017945e+01
1.308823577255017945e+01
1.308823577255017945e+01
1.308823577255017945e+01
1.308823577255017945e+01
1.308823577255017945e+01
1.308823577255017945e+01
1.308823577255017945e+01
1.309627200035286165e+01
1.309627200035286165e+01
1.309674620939028067e+01
1.309674620939028067e+01
1.309733850421886636e+01
1.309733850421886636e+01
1.309733850421886636e+01
1.309733850421886636e+01
1.309733850421886636e+01
1.309733850421886636e+01
1.309733850421886636e+01
1.310081753965969575e+01
1.310081753965969575e+01
1.310081753965969575e+01
1.310081753965969575e+01
1.310081753965969575e+01
1.310081753965969575e+01
1.310081753965969575e+01
1.310081753965969575e+01
1.310081753965969575e+01
1.310081753965969575e+01
1.310081753965969575e+01
1.310081753965969575e+01
1.310081753965969575e+01
1.310081753965969575e+01
1.310081753965969575e+01
1.310081753965969575e+01
1.310081753965969575e+01
