5.239001732040486636e-02
5.799717275233872565e-02
5.885989546054934407e-02
6.275884283439026046e-02
6.278374050199159173e-02
6.418457762658197341e-02
6.418457762658197341e-02
7.794884191000031604e-02
9.727986253849460474e-02
1.339896457639269678e-01
1.836687108561156911e-01
2.213249326120401983e-01
2.858018582712735234e-01
3.341022649378170839e-01
3.341022649378170839e-01
3.341022649378170839e-01
3.959849003343490770e-01
4.298690678195690729e-01
4.397126006278836985e-01
4.625260812189387338e-01
4.625260812189387338e-01
5.030180605553464801e-01
5.030180605553464801e-01
5.030180605553464801e-01
5.226403846602871717e-01
5.226403846602871717e-01
5.226403846602871717e-01
5.282248921216593507e-01
5.282248921216593507e-01
5.282248921216593507e-01
5.282248921216593507e-01
5.324319919985049943e-01
5.632620275731821113e-01
5.632620275731821113e-01
5.632620275731821113e-01
5.810516855621652432e-01
5.810516855621652432e-01
5.810516855621652432e-01
5.829714845399549539e-01
5.829714845399549539e-01
5.887488075755404893e-01
5.935802977673296787e-01
5.975892366507783438e-01
5.975892366507783438e-01
5.975892366507783438e-01
6.002782578761516330e-01
6.002782578761516330e-01
6.002782578761516330e-01
6.027088223771330799e-01
6.027088223771330799e-01
6.027088223771330799e-01
6.027088223771330799e-01
6.027088223771330799e-01
6.027088223771330799e-01
6.041997030485505293e-01
6.041997030485505293e-01
6.049451703488135657e-01
6.051514426408626246e-01
6.051514426408626246e-01
6.058640511862165567e-01
6.058640511862165567e-01
6.058640511862165567e-01
6.061734410364879588e-01
6.061734410364879588e-01
6.061734410364879588e-01
6.061734410364879588e-01
6.061734410364879588e-01
6.061734410364879588e-01
6.061734410364879588e-01
6.061734410364879588e-01
6.061734410364879588e-01
6.061734410364879588e-01
6.062221269988934402e-01
6.063023996283032346e-01
6.063023996283032346e-01
6.063023996283032346e-01
6.063023996283032346e-01
6.063310902474770003e-01
6.063310902474770003e-01
6.063310902474770003e-01
6.063310902474770003e-01
6.063310902474770003e-01
6.063310902474770003e-01
6.063310902474770003e-01
6.063310902474770003e-01
6.063399081511253730e-01
6.063399081511253730e-01
6.063399081511253730e-01
6.063399081511253730e-01
6.063399081511253730e-01
6.063399081511253730e-01
6.063399081511253730e-01
6.063399081511253730e-01
6.063399081511253730e-01
6.063422523169603728e-01
6.063425202466894426e-01
6.063425202466894426e-01
6.063425202466894426e-01
6.063425202466894426e-01
6.063425202466894426e-01
6.063425202466894426e-01
