5.606468245850990129e-02
6.005726728153098354e-02
6.005726728153098354e-02
6.013449540196146720e-02
6.013449540196146720e-02
6.336659137457945068e-02
6.655229142984692148e-02
6.655229142984692148e-02
7.580823490352825433e-02
8.797411580003043630e-02
9.602423477982777178e-02
1.091934409000941408e-01
1.168504421764042650e-01
1.197762063253193648e-01
1.425173571068547862e-01
1.749582366667918609e-01
2.305396237110794999e-01
2.381059021358515881e-01
2.381059021358515881e-01
2.381059021358515881e-01
2.381059021358515881e-01
2.672695334219346019e-01
2.937524874635248917e-01
2.975829156265592523e-01
3.456316764919061812e-01
3.667004211044004869e-01
3.736995122327165797e-01
3.736995122327165797e-01
4.053776312531213177e-01
4.538401640470310916e-01
4.861297724933494324e-01
5.026327867338106214e-01
5.297214400781014021e-01
5.297214400781014021e-01
5.297214400781014021e-01
5.297214400781014021e-01
5.297214400781014021e-01
5.398557103414997060e-01
5.398557103414997060e-01
5.398557103414997060e-01
5.438897274695466688e-01
5.456487488344559100e-01
5.456487488344559100e-01
5.456487488344559100e-01
5.557580087395473933e-01
5.716903402265627321e-01
5.761260205742111395e-01
5.761260205742111395e-01
5.761260205742111395e-01
5.761260205742111395e-01
5.761260205742111395e-01
5.834190654599317183e-01
5.834190654599317183e-01
5.950453932185711947e-01
5.958183579448187439e-01
5.970666070818144711e-01
5.970666070818144711e-01
5.970666070818144711e-01
5.970666070818144711e-01
5.970666070818144711e-01
5.970666070818144711e-01
5.970666070818144711e-01
5.970666070818144711e-01
5.970666070818144711e-01
5.970666070818144711e-01
5.971436093963283787e-01
5.985279546962740671e-01
5.985279546962740671e-01
5.985279546962740671e-01
5.985279546962740671e-01
6.018146465351594809e-01
6.018146465351594809e-01
6.048974572530549931e-01
6.048974572530549931e-01
6.048974572530549931e-01
6.048974572530549931e-01
6.048974572530549931e-01
6.048974572530549931e-01
6.048974572530549931e-01
6.048974572530549931e-01
6.048974572530549931e-01
6.048974572530549931e-01
6.048974572530549931e-01
6.048974572530549931e-01
6.048974572530549931e-01
6.048974572530549931e-01
6.048974572530549931e-01
6.048974572530549931e-01
6.048974572530549931e-01
6.048974572530549931e-01
6.048974572530549931e-01
6.048974572530549931e-01
6.050791624173745831e-01
6.054809872136953652e-01
6.054809872136953652e-01
6.054809872136953652e-01
6.054809872136953652e-01
6.054809872136953652e-01
6.054809872136953652e-01
6.054809872136953652e-01
6.054809872136953652e-01
