1.931516426063625724e+00
2.418179901359941653e+00
1.199979309760064972e+01
1.233341594086488868e+01
1.233341594086488868e+01
1.277701411414603783e+01
1.277701411414603783e+01
1.288419200096650385e+01
1.302873095162053652e+01
1.304508783447002607e+01
1.308459014246892593e+01
1.308961860370490626e+01
1.308961860370490626e+01
1.310162652248719084e+01
1.310162652248719084e+01
1.310162652248719084e+01
1.310401121562503590e+01
1.310699961727853413e+01
1.310766241563466039e+01
1.310766241563466039e+01
1.310766241563466039e+01
1.310766241563466039e+01
1.310816910149452497e+01
1.310861084067017934e+01
1.310861084067017934e+01
1.310868205619787119e+01
1.310868205619787119e+01
1.310868937933812717e+01
1.310868937933812717e+01
1.310868937933812717e+01
1.310868937933812717e+01
1.310868937933812717e+01
1.310868937933812717e+01
1.310868937933812717e+01
1.310868937933812717e+01
1.310868937933812717e+01
1.310868937933812717e+01
1.310868937933812717e+01
1.310871938155817773e+01
1.310872381761646110e+01
1.310872381761646110e+01
1.310872382724510388e+01
1.310872383248476858e+01
1.310872383248476858e+01
1.310872383248476858e+01
1.310872383248476858e+01
1.310872383248476858e+01
1.310872383248476858e+01
1.310872383248476858e+01
1.310872383248476858e+01
1.310872383248476858e+01
