5.239001732040486636e-02
5.799717275233872565e-02
5.885989546054934407e-02
6.279706405809920566e-02
6.282354754160768273e-02
6.415982048617357991e-02
6.415982048617357991e-02
7.624575819618763239e-02
9.533030549822310573e-02
1.318852297571286580e-01
1.814193146987815863e-01
2.222909028346298221e-01
2.835590343154656967e-01
3.343386712569563768e-01
3.671182490597160730e-01
3.724286855409173480e-01
3.884506486450370888e-01
3.884506486450370888e-01
3.884506486450370888e-01
4.201391522758752828e-01
4.800508224424034909e-01
4.800508224424034909e-01
4.800508224424034909e-01
4.800508224424034909e-01
4.800508224424034909e-01
5.159759008578727046e-01
5.159759008578727046e-01
5.581372648039631956e-01
5.581372648039631956e-01
5.581372648039631956e-01
5.581372648039631956e-01
5.585858218792416618e-01
5.613498851060539918e-01
5.613498851060539918e-01
5.815800326671173304e-01
5.815800326671173304e-01
5.815800326671173304e-01
5.893297985221548352e-01
5.893297985221548352e-01
5.893297985221548352e-01
5.893297985221548352e-01
5.893297985221548352e-01
5.893297985221548352e-01
5.911118271915465350e-01
5.911118271915465350e-01
5.911118271915465350e-01
5.912515304297474295e-01
5.912515304297474295e-01
5.912515304297474295e-01
5.965958501389849733e-01
5.974861210852515647e-01
5.974861210852515647e-01
5.974861210852515647e-01
5.974861210852515647e-01
5.974861210852515647e-01
5.997008689120242320e-01
5.997008689120242320e-01
5.997008689120242320e-01
5.997008689120242320e-01
6.007726179915795495e-01
6.007726179915795495e-01
6.007726179915795495e-01
6.007726179915795495e-01
6.007726179915795495e-01
6.007726179915795495e-01
6.007726179915795495e-01
6.037263988812777704e-01
6.037263988812777704e-01
6.054288878924574124e-01
6.054288878924574124e-01
6.054288878924574124e-01
6.054288878924574124e-01
6.054288878924574124e-01
6.054288878924574124e-01
6.054288878924574124e-01
6.054288878924574124e-01
6.054288878924574124e-01
6.054288878924574124e-01
6.054288878924574124e-01
6.054288878924574124e-01
6.056863994405847773e-01
6.056863994405847773e-01
6.056863994405847773e-01
6.056863994405847773e-01
6.056863994405847773e-01
6.056863994405847773e-01
6.056863994405847773e-01
6.056863994405847773e-01
6.056863994405847773e-01
6.056863994405847773e-01
6.056863994405847773e-01
6.056863994405847773e-01
6.056863994405847773e-01
6.056863994405847773e-01
6.056863994405847773e-01
6.056863994405847773e-01
6.056863994405847773e-01
6.056863994405847773e-01
6.056863994405847773e-01
6.056863994405847773e-01
6.056877222277285977e-01
