1.284336783313149155e+00
1.284336783313149155e+00
1.284336783313149155e+00
2.108458416242128486e+00
2.108458416242128486e+00
2.108458416242128486e+00
2.108458416242128486e+00
2.108458416242128486e+00
2.108458416242128486e+00
2.108458416242128486e+00
2.400420508397269614e+00
2.477074860484764773e+00
2.496533919850204342e+00
2.496533919850204342e+00
2.565755633049465079e+00
2.565755633049465079e+00
2.565755633049465079e+00
2.599200141128991337e+00
2.599200141128991337e+00
2.599200141128991337e+00
2.599200141128991337e+00
2.599200141128991337e+00
2.668469355704323753e+00
2.668469355704323753e+00
2.668469355704323753e+00
2.668469355704323753e+00
2.668469355704323753e+00
2.934030554375708810e+00
8.763723305674194108e+00
1.252557023852089557e+01
1.267532600150189204e+01
1.267532600150189204e+01
1.284444532789835236e+01
1.286565976252650856e+01
1.286565976252650856e+01
1.306049309350632015e+01
1.306049309350632015e+01
1.306049309350632015e+01
1.306049309350632015e+01
1.306049309350632015e+01
1.306049309350632015e+01
1.306049309350632015e+01
1.306049309350632015e+01
1.306939476664889455e+01
1.308793254224416103e+01
1.308793254224416103e+01
1.308793254224416103e+01
1.308858947319361477e+01
1.309011481346981753e+01
1.309011481346981753e+01
1.309011481346981753e+01
