7.492070558960403637e-02
7.492070558960403637e-02
8.899637220903686141e-02
1.041725766534940534e-01
1.230261550313054009e-01
1.423430262892466935e-01
1.571128138807738606e-01
1.571128138807738606e-01
1.812063083071547842e-01
1.819166986888910709e-01
1.819166986888910709e-01
2.191240900007582759e-01
2.417709585231457015e-01
2.670206400587494255e-01
3.215389242121228786e-01
3.410351526801819189e-01
3.410351526801819189e-01
3.815932583130365874e-01
4.027446256297659843e-01
4.237482080177865651e-01
4.237482080177865651e-01
4.539040306568451477e-01
4.604410030852492675e-01
4.646291904126432781e-01
4.656361135958497766e-01
4.656361135958497766e-01
4.826020062050615511e-01
4.826020062050615511e-01
4.826020062050615511e-01
4.826020062050615511e-01
4.826020062050615511e-01
4.827394635992008354e-01
4.827394635992008354e-01
5.194186781906729999e-01
5.194186781906729999e-01
5.346259775393722435e-01
5.440914686660560662e-01
5.617969500080453038e-01
5.617969500080453038e-01
5.710040745094047132e-01
5.808782483128527296e-01
5.808782483128527296e-01
5.808782483128527296e-01
5.808782483128527296e-01
5.808782483128527296e-01
5.815313867644653634e-01
5.815313867644653634e-01
5.872815872697811912e-01
5.872815872697811912e-01
5.872815872697811912e-01
5.914754485211314305e-01
5.941231242365059284e-01
5.941231242365059284e-01
5.941231242365059284e-01
5.976928053485194292e-01
5.976928053485194292e-01
5.976928053485194292e-01
5.976928053485194292e-01
5.976928053485194292e-01
5.976928053485194292e-01
5.976928053485194292e-01
5.984636909015417228e-01
5.984636909015417228e-01
5.984636909015417228e-01
5.984636909015417228e-01
5.984636909015417228e-01
6.007347298066099128e-01
6.007347298066099128e-01
6.043325487733706147e-01
6.043325487733706147e-01
6.043325487733706147e-01
6.043325487733706147e-01
6.043325487733706147e-01
6.043325487733706147e-01
6.043325487733706147e-01
6.043325487733706147e-01
6.046398072927943179e-01
6.046398072927943179e-01
6.046398072927943179e-01
6.046398072927943179e-01
6.046398072927943179e-01
6.046398072927943179e-01
6.046398072927943179e-01
6.046398072927943179e-01
6.046398072927943179e-01
6.046398072927943179e-01
6.046398072927943179e-01
6.046398072927943179e-01
6.046398072927943179e-01
6.046398072927943179e-01
6.046398072927943179e-01
6.047728123751114904e-01
6.047728123751114904e-01
6.058294368094451210e-01
6.058294368094451210e-01
6.058294368094451210e-01
6.058294368094451210e-01
6.058294368094451210e-01
6.058294368094451210e-01
6.058294368094451210e-01
6.058294368094451210e-01
