7.031606396387839186e-02
7.031606396387839186e-02
8.769590698783803762e-02
1.023714059202926741e-01
1.228903981586589589e-01
1.603771876294419196e-01
1.818525089936959827e-01
1.853385961031820128e-01
1.853385961031820128e-01
1.864429523991245341e-01
1.899635369839657861e-01
2.033490037874162715e-01
2.033490037874162715e-01
2.425616988327665702e-01
2.578316379239580236e-01
2.995605462626154680e-01
3.062577110383092327e-01
3.105407148009569629e-01
3.113606245519980331e-01
3.295041855363539107e-01
3.322729912645687733e-01
3.497667490670672841e-01
4.011354321993819694e-01
4.117903893519186398e-01
4.132986439537635892e-01
4.165038799789583246e-01
4.190951620453574611e-01
4.283694421438894451e-01
5.071145412311677259e-01
5.071145412311677259e-01
5.112011372586866553e-01
5.150033307435226693e-01
5.492113320117073538e-01
5.492113320117073538e-01
5.503192187327625717e-01
5.620317732823292278e-01
5.746352983424901639e-01
5.777424011621130617e-01
5.777424011621130617e-01
5.777424011621130617e-01
5.777424011621130617e-01
5.888285069909608982e-01
5.888285069909608982e-01
5.888285069909608982e-01
5.975993854625469837e-01
5.975993854625469837e-01
6.002263157820888484e-01
6.002263157820888484e-01
6.036804645143658554e-01
6.036804645143658554e-01
6.036804645143658554e-01
6.036804645143658554e-01
6.051097760361288103e-01
6.051097760361288103e-01
6.051097760361288103e-01
6.051147512910148851e-01
6.051147512910148851e-01
6.052112150839590310e-01
6.052112150839590310e-01
6.052112150839590310e-01
6.057807632807872267e-01
6.057807632807872267e-01
6.057807632807872267e-01
6.057807632807872267e-01
6.057807632807872267e-01
6.059979084348672274e-01
6.059979084348672274e-01
6.061659146328971515e-01
6.061659146328971515e-01
6.061659146328971515e-01
6.061659146328971515e-01
6.061659146328971515e-01
6.061922549925351511e-01
6.061922549925351511e-01
6.061922549925351511e-01
6.061922549925351511e-01
6.061922549925351511e-01
6.061922549925351511e-01
6.062624734393252668e-01
6.062624734393252668e-01
6.063076340703237310e-01
6.063372222331010475e-01
6.063372222331010475e-01
6.063372222331010475e-01
6.063372222331010475e-01
6.063372222331010475e-01
6.063372222331010475e-01
6.063391554653889681e-01
6.063391554653889681e-01
6.063391554653889681e-01
6.063391554653889681e-01
6.063391554653889681e-01
6.063400212555867252e-01
6.063400212555867252e-01
6.063400212555867252e-01
6.063400212555867252e-01
6.063400993149898888e-01
6.063400993149898888e-01
6.063400993149898888e-01
6.063402804142994373e-01
6.063414811217331390e-01
